plt,network
0.0355664 ,2000
0.0797838 ,2000
0.272939 ,2000
0.0401757 ,2000
0.257742 ,2000
0.0381344 ,2000
0.0128327 ,2000
0.255288 ,2000
0.281044 ,2000
0.690866 ,2000
0.228046 ,2000
0.401361 ,2000
0.320518 ,2000
0.862707 ,2000
0.616136 ,2000
0.138033 ,2000
0.947036 ,2000
0.0171486 ,2000
0.0981647 ,2000
0.86535 ,2000
0.599004 ,2000
0.00425134 ,2000
0.662172 ,2000
0.632406 ,2000
0.27685 ,2000
0.0155007 ,2000
0.262442 ,2000
0.376037 ,2000
0.0441565 ,2000
0.0664403 ,2000
0.0916715 ,2000
0.212767 ,2000
0.0868805 ,2000
0.0655996 ,2000
0.594495 ,2000
0.0166493 ,2000
0.366011 ,2000
0.141473 ,2000
0.515842 ,2000
0.853348 ,2000
0.665755 ,2000
0.236245 ,2000
0.116164 ,2000
0.746444 ,2000
0.121713 ,2000
0.818061 ,2000
0.735647 ,2000
0.421784 ,2000
0.361217 ,2000
0.17119 ,2000
0.206282 ,2000
0.360834 ,2000
0.413099 ,2000
0.547752 ,2000
0.15023 ,2000
0.248845 ,2000
0.297222 ,2000
0.0887105 ,2000
0.0694465 ,2000
0.726299 ,2000
0.0384808 ,2000
0.107589 ,2000
0.17427 ,2000
0.0237179 ,2000
0.487882 ,2000
0.296825 ,2000
0.252171 ,2000
0.0174871 ,2000
0.0100218 ,2000
0.125312 ,2000
0.043968 ,2000
0.0396001 ,2000
0.680492 ,2000
0.164774 ,2000
0.0595332 ,2000
0.0263462 ,2000
0.0177697 ,2000
0.574483 ,2000
0.387829 ,2000
0.146071 ,2000
0.392677 ,2000
0.161951 ,2000
0.137357 ,2000
0.159455 ,2000
0.198182 ,2000
0.00707109 ,2000
0.799369 ,2000
0.129329 ,2000
0.102471 ,2000
0.0842862 ,2000
0.0301937 ,2000
0.330837 ,2000
0.151668 ,2000
0.869188 ,2000
0.448057 ,2000
0.299915 ,2000
0.244752 ,2000
0.15654 ,2000
0.595322 ,2000
0.27984 ,2000
0.175211 ,2000
0.017726 ,2000
0.30222 ,2000
0.0289882 ,2000
0.719013 ,2000
0.102172 ,2000
0.122844 ,2000
0.168499 ,2010
0.330452 ,2010
0.223392 ,2010
0.446199 ,2010
0.502947 ,2010
0.272457 ,2010
0.680546 ,2010
0.241008 ,2010
0.396043 ,2010
0.267797 ,2010
0.861468 ,2010
0.61439 ,2010
0.119773 ,2010
0.947109 ,2010
0.0171636 ,2010
0.03595 ,2010
0.866189 ,2010
0.599013 ,2010
0.214612 ,2010
0.675363 ,2010
0.659643 ,2010
0.283188 ,2010
0.110999 ,2010
0.373607 ,2010
0.0826677 ,2010
0.0122103 ,2010
0.093339 ,2010
0.256425 ,2010
0.112434 ,2010
0.145561 ,2010
0.597141 ,2010
0.320797 ,2010
0.141394 ,2010
0.568815 ,2010
0.866779 ,2010
0.666235 ,2010
0.234292 ,2010
0.0839841 ,2010
0.708117 ,2010
0.116388 ,2010
0.818047 ,2010
0.753264 ,2010
0.421784 ,2010
0.361198 ,2010
0.171204 ,2010
0.011579 ,2010
0.353417 ,2010
0.412615 ,2010
0.547697 ,2010
0.149967 ,2010
0.213958 ,2010
0.295467 ,2010
0.0682892 ,2010
0.355806 ,2010
0.0400747 ,2010
0.0501387 ,2010
0.233321 ,2010
0.23456 ,2010
0.39935 ,2010
0.296815 ,2010
0.258224 ,2010
0.0286924 ,2010
0.00875291 ,2010
0.125645 ,2010
0.0396037 ,2010
0.680539 ,2010
0.165373 ,2010
0.0495803 ,2010
0.225531 ,2010
0.24717 ,2010
0.580047 ,2010
0.386399 ,2010
0.102862 ,2010
0.276643 ,2010
0.126129 ,2010
0.125566 ,2010
0.15791 ,2010
0.526447 ,2010
0.804296 ,2010
0.12963 ,2010
0.102509 ,2010
0.099949 ,2010
0.340247 ,2010
0.329461 ,2010
0.494074 ,2010
0.869352 ,2010
0.304683 ,2010
0.246785 ,2010
0.208317 ,2010
0.588276 ,2010
0.258905 ,2010
0.153481 ,2010
0.0550764 ,2010
0.216792 ,2010
0.720843 ,2010
0.101467 ,2010
0.122165 ,2010
0.493148 ,2020
0.411576 ,2020
0.0346502 ,2020
0.714283 ,2020
0.0879489 ,2020
0.345036 ,2020
0.66646 ,2020
0.529144 ,2020
0.70945 ,2020
0.570275 ,2020
0.291032 ,2020
0.761383 ,2020
0.860822 ,2020
0.426202 ,2020
0.306688 ,2020
0.241588 ,2020
0.147797 ,2020
0.367094 ,2020
0.630806 ,2020
0.582553 ,2020
0.467727 ,2020
0.323779 ,2020
0.375388 ,2020
0.492499 ,2020
0.643856 ,2020
0.660249 ,2020
0.559159 ,2020
0.407478 ,2020
0.171515 ,2020
0.300249 ,2020
0.0992636 ,2020
0.799634 ,2020
0.603612 ,2020
0.91848 ,2020
0.270886 ,2020
0.655281 ,2020
0.507956 ,2020
0.31318 ,2020
0.138122 ,2020
0.587452 ,2020
0.381513 ,2020
0.156613 ,2020
0.471912 ,2020
0.90122 ,2020
0.624242 ,2020
0.533161 ,2020
0.564051 ,2020
0.535544 ,2020
0.826757 ,2020
0.605317 ,2020
0.501508 ,2020
0.65777 ,2020
0.74748 ,2020
0.423868 ,2020
0.321119 ,2020
0.227867 ,2020
0.0777285 ,2020
0.271679 ,2020
0.365583 ,2020
0.516379 ,2020
0.0731095 ,2020
0.430115 ,2020
0.224199 ,2020
0.492677 ,2020
0.616933 ,2020
0.313174 ,2020
0.574991 ,2020
0.412597 ,2020
0.883026 ,2020
0.299546 ,2020
0.724005 ,2020
0.427763 ,2020
0.837521 ,2020
0.138207 ,2020
0.288109 ,2020
0.0867618 ,2020
0.142414 ,2020
0.160637 ,2020
0.799925 ,2020
0.390418 ,2020
0.191818 ,2020
0.321934 ,2020
0.105692 ,2020
0.472668 ,2020
0.2059 ,2020
0.235292 ,2020
0.718692 ,2020
0.575662 ,2020
0.471535 ,2020
0.3842 ,2020
0.450309 ,2020
0.0768025 ,2020
0.283884 ,2020
0.168373 ,2020
0.261423 ,2020
0.388359 ,2020
0.63634 ,2020
0.648498 ,2020
0.782449 ,2020
0.566751 ,2020
0.279838 ,2020
