6.08227 0.835539 0.902855 144.369 5.79512
2.57986 0.602638 0.597435 68.3647 2.48096
7.45585 2.27596 1.25607 233.71 6.83426
5.54374 2.29546 1.88218 96.8531 6.12332
4.58684 1.91158 0.509391 112.488 4.44615
4.16216 0.0997364 1.54619 96.3222 4.21236
2.39252 0.558701 0.026151 10.6555 5.11706
3.90125 0.491329 2.44143 98.2014 8.39703
3.75529 3.58314 0.191853 57.2922 5.42329
9.86071 6.142 1.35773 179.752 6.34614
3.04432 0.269997 2.42409 190.96 3.77005
10.49 8.02725 0.868988 140.658 11.3247
3.36872 0.200452 2.1053 126.587 3.86705
3.51327 0.530505 1.18879 150.242 5.62503
4.51131 1.81033 0.663723 202.827 11.8657
3.12672 0.580539 0.699342 121.918 5.1007
2.54883 0.498787 0.565539 144.208 6.25214
2.20852 0.238079 0.523892 86.0979 5.58499
5.07132 3.20916 1.33516 149.213 3.86557
1.42797 0.0857173 0.862686 123.948 3.6405
4.24097 0.452663 0.958435 153.166 8.34569
6.49367 1.9884 0.412054 157.724 4.90355
4.65274 0.412405 0.34033 50.7439 6.12418
3.30184 1.21329 1.20867 115.799 7.32012
7.45257 1.32739 1.07695 164.318 6.97705
3.98615 0.111863 0.827998 154.58 3.39088
2.87632 0.749578 0.197301 47.4159 5.31735
6.09775 0.793588 1.09278 133.731 4.32895
5.20736 1.05275 1.09818 125.092 5.94051
9.24012 0.801501 1.22602 290.837 14.507
6.66272 2.55165 1.80817 63.7184 5.80383
0.841511 0.397498 0.590533 89.5558 3.81468
4.38775 1.21319 1.23731 263.777 8.26867
4.35228 0.483521 2.0144 262.945 6.7975
5.29783 0.81878 5.26183 238.042 11.678
4.97865 0.937716 1.03077 239.911 6.74012
4.32677 1.0682 0.76988 131.201 8.06952
3.72917 1.27623 0.551383 122.945 9.46794
2.73474 0.132345 1.07549 124.984 2.88184
2.95816 0.74841 1.39207 71.1271 9.83886
6.90444 0.547247 0.924953 214.451 8.13206
3.16892 0.810503 0.77959 140.902 7.35102
3.14676 0.497502 0.645968 58.5477 2.49826
3.34116 0.347492 2.15752 108.546 2.85717
5.99641 2.58631 0.867794 160.904 4.32599
5.77198 0.726171 0.94472 72.588 2.60021
2.57607 1.02268 0.483991 97.8657 8.11505
1.89176 0.214094 1.02351 114.394 4.02454
4.91868 4.08829 0.57306 119.675 5.14839
6.09148 0.822091 1.90481 215.04 5.5862
