plt
0.105263
0.472222
0.381579
0.40625
0.416667
0.666667
0.4
0.833333
0.15
0.0740741
0.333333
0.127273
0.0465116
0.2
0.478992
0.277778
0.388889
0.571429
1
0
0.166667
0.46875
0.130435
0.171053
0.259259
0.356589
1
0.569892
0.467066
0.752747
0.553191
0.1
1
0.166667
0.393258
0.495798
0.111111
0.609375
1
0.176211
0.170455
0.0208333
0.246154
1
0
0.177215
0.309524
0.6
1
0.225
0.277778
0.134831
0.713043
0.598361
0.633929
0.276382
0.0652174
0
0.333333
1
0.0123457
0
0.512605
0.0454545
0.375
0.202247
1
0.0555556
0.83871
0
0
0.0508475
0.0645161
0.15
0.690355
