plt
0.197183
0
0.9
1
0.9
0.482143
0.385965
0.126984
0.180095
0.0172414
0.0363636
0
0.15
0
0
0
0
0.123077
0.076087
0.0263158
0.915663
0.772277
0.799465
0.810345
0.747126
0.782609
0.802083
0.900232
0.0489796
0.0315789
0.08
0.3
0.04
0.128205
0.107143
0.0192308
0.148515
0.12
0.075
0.0675676
0.0434783
0.194215
0.245833
0.237154
0.226923
0.204633
0.187755
0.177778
0.223577
0.207547
0.118343
0.0204082
0.142857
0.125
0.117647
0.12963
0.823529
0.125
0.679104
0.777228
0.77551
0.78972
0.73743
0.778846
0.594203
0.78341
0.539326
0.566038
0.804255
0.809717
0.442308
0.55102
0
0.666667
0.103896
0.133333
0.140625
0.119403
0.0720721
0
0
0.0573248
0.468354
0.0909091
0.125
0.111111
0.0410959
0.10989
0.683544
0.112676
0.322835
0.299435
0.296296
0.815534
0.37457
0.506329
0.666667
0.203125
0
0.520468
0.326923
0.4
0.0326087
0.71875
0.673611
0
0.062201
0.0666667
0.129032
0.3
0.125
0.790698
0.756098
0.0185185
0
0.106383
0.1
0.0909091
0.1
0.0506329
0
0
0
0.125
0.83557
0.166667
0.0121951
0.25
0.375
0.0212766
0.435714
0.505376
0.08
0
0.02
0.02
0.0526316
0.060241
0.036036
0.787162
0.027027
0
0.0526316
0
0
0.0526316
0.0526316
0.166667
0
0
0
0
0
0.115108
0.0941176
0.247423
0.217054
0.21118
0.171053
0
0.283688
0.356643
0.117647
0.0727273
0.0227273
0.709677
0.613036
0.590329
0.575104
0.566802
0.552983
0.576375
0.579576
0.744652
0.560122
0.628571
0.613527
0.65189
0.811594
0.555556
0.0666667
0.833333
0.833333
0.833333
0.833333
0.833333
0.833333
0.833333
0.857143
0.833333
0.833333
0.833333
0.833333
0.833333
0.833333
0.833333
0
0.183857
0.309829
0.253968
0.216895
0.270563
0.313462
0.227876
0.256684
0.113514
0.2375
0.264151
0.261589
0.0643564
0
0.04
0.0428571
0
0.201754
0.015625
0
0.030303
0.0702247
0
0
0.282297
0.0559006
0
0.0930233
0.118644
0.0490798
0.0496894
0.0538922
0.05
0.0722892
0.0496894
0.0670391
0.0869565
0.0206186
0.0319149
0.0208333
0.152174
0.478261
0.0243902
0.39011
0
0.223881
0.0952381
0.25098
0.348718
0.205776
0.356164
0.289216
0.0277778
0.848249
0.614583
0.486772
0.167513
0.0913706
0.113636
0.118012
0.131737
0.11828
0.242857
0.125
0.097561
0.0925926
0.112426
0.116564
0.262911
0.0955414
0.0357143
0.0140845
0
0.272727
0.276451
0.337931
0.262987
0.00884956
0.0185185
0
0.0217391
0.119048
0
0
0.0238095
0.0217391
0.0285714
0.0810811
0
0
0.0322581
0.0512821
0.261905
0.182609
0.175573
0.169118
0.172297
0.115523
0.161765
0.184426
0.391304
0.504348
0.157895
0.172996
0.461078
0.594286
0.832418
0.676923
0.649123
0.592683
0.176471
0.0882353
0.603448
0
0
0
0
0.238411
0.721519
0.918367
0.141304
0.0847458
0.0350877
0.180723
0.0625
0.307692
0.985849
0.918367
0.942857
0.918367
0.473684
0.411765
0.617978
0.628788
0.541176
0.518519
0.795812
0.432432
0.718121
0.445946
0.327586
0.101449
0.386667
0.459459
0.307692
0.25
0.285714
0.0419162
0.0714286
0.0909091
0.2
0.2
0.122222
0
0.227273
0.0810811
0.270115
0.0656934
0.204698
0.0740741
0.0652174
0.0647482
0.0217391
0.0647482
0.252874
0.0652174
0.0661765
0.127273
0.763514
0.377953
0.181818
0.494949
0.666667
0.75
0.666667
0.75
0.666667
0.666667
0.666667
0.666667
0.195767
0.0952381
0.0238095
0.104478
0.0977444
0.0970149
0.057377
0.153846
0.101562
0.031746
0.173913
0.347826
0.273224
0.0769231
0.173611
0.857143
0
0.02
0
0.260062
0.156627
0
0.0645161
0.133333
0.0638298
0.0638298
0.0729167
0.0520833
0.0747664
0.0645161
0.0543478
0.0707071
0.12381
0.132231
0.205357
0.344828
0.05
0.0943396
0.0416667
0.0416667
0.0416667
0.037037
0.08
0.04
0.768116
0.160494
0.335135
0.0466667
0.0621118
0.0709677
0.0787879
0.0576923
0.0755814
0.0689655
0.0731707
0.0621469
0.0509554
0.451477
0.0670732
0.0860215
0.438356
0.060241
0
0.150327
0.169355
0.140127
0.127907
0.0675676
0.288066
0.253333
0.0123457
0.257329
0.396226
0.222222
0.259259
0.282895
0.283019
0.0909091
0.137255
0.43787
0.0263158
0.589286
0.0701754
0.396296
0.0789474
0.475309
0.495327
0.559524
0.439024
0.546218
0.471795
0.5625
0.561753
0.445255
0.513761
0.027027
0.0333333
0.410256
0.248705
0.0454545
0.0357143
0.0357143
0.0357143
0.0357143
0
0.0344828
0.037037
0.0333333
0.22
0.0714286
0.047619
0.198113
0.19802
0.194175
0.626667
0.12963
0.148148
0.207865
0.170213
0.202381
0.254144
0.237443
0.75
0.0532544
0.0337079
0.0412371
0.0736842
0.0416667
0.0420168
0.149351
0.030303
0.18617
0.00892857
0
0.03125
0.0743802
0.0245902
0.517857
0
0.182353
0.109489
0.122302
0.130081
0.0747126
0.100559
0.147368
0.13369
0.0147601
0.0722892
0.113636
0.05
0.0173913
0.0677966
0.0428571
0.120482
0.135802
0.0548523
0.0191388
0.025641
0.0169492
0.0634921
0.231959
0.724138
0.833333
0.833333
0.422969
0.15
0.411765
0.0408163
0.0465116
0.142857
0.05
0.0487805
0.0416667
0.0465116
0.0454545
0.0444444
0.0465116
0.630363
0.144262
0.164516
0.122378
0.848586
0.844371
0.843333
0.203053
0.863057
0.731834
0.140625
0.388186
0.84106
0.116279
0.222222
0.258065
0.970588
0.272727
0.967742
0.0833333
