plt
0.915956
0.858925
0.0886219
0.055313
0.228139
0.868228
0.668391
0.203661
0.166482
0.962025
0.294494
0.927513
0.159036
0.173023
0.151351
0.145617
0.185138
0.102725
0.0114469
0.692552
0.953532
0.227416
0.873988
0.30824
0.245938
0.651515
0.0484773
0.0239873
0.0818852
0.194297
0.0465191
0.779585
0.897051
0.0676653
0.0507886
0.5377
0.866298
0.782184
0.0153893
0.164179
0.259121
0.00590179
0.0300158
0.121594
0.0210608
0.284321
0.0162817
0.0223414
0.048222
0.00702679
0.817406
0.0425283
0.034296
0.0484647
0.532374
0.0258091
0.0837948
0.0540424
0.402311
0.0687368
0.0208246
0.291789
0.146912
0.06773
0.375324
0.880475
0.257772
0.0652893
0.086966
0.018482
0.272621
0.0735358
0.0866035
0.157659
0.133333
0.434986
0.147307
0.0650779
0.0381974
0.103398
0.262718
0.0606416
0.0937387
0.58338
0.0877693
0.910573
0.442866
0.60445
0.416834
0.212766
0.162232
0.164549
0.973854
0.168812
0.190279
0.225711
0.131792
0.125648
0.285001
0.0103116
0.301295
0.493781
0.46662
0.505351
0.0666667
0.393956
0.087573
0.144731
0.381242
0.00611122
0.0907757
0.0781563
0.477759
0.865903
0.642306
0.831734
0.0585754
0.190202
0.281349
0.0898191
0.404996
0.0750229
0.105409
0.320972
0.105119
0.585334
0.0987368
0.040911
0.352589
0.488606
0.11099
0.0175557
0.127513
0.217517
0.402245
0.467452
0.382392
0.0228712
0.0158019
0.733146
0.365207
0.596366
0.760392
0.0578599
0.41329
0.318493
0.506547
0.112764
0.119988
0.719855
0.385403
0.0867303
0.232036
0.764203
0.198219
0.202353
0.0130522
0.979299
0.0316416
0.218993
0.248371
0.0638601
0.505995
0.0233573
0.00785928
0.862474
0.0304831
0.214985
0.199848
0.086409
0.828176
0.936696
0.88542
0.310134
0.0866667
0.488837
0.776836
0.140336
0.578643
0.0250385
0.298682
0.0289449
0.440811
0.923408
0.107064
0.259241
0.411326
0.212733
0.413727
0.00869565
0.375641
0.271119
0.343332
0.0939198
0.15244
0.181547
0.0638119
0.0528634
0.40625
0.330736
0.454545
0.655731
0.62392
0.015368
0.970019
0.487937
0.308664
0.347714
0.0410448
0.19393
0.0661305
0.421384
0.0622271
0.581908
0.0641849
0.110029
0.0393199
0.0135929
0.205452
0.300426
0.0223996
0.109293
0.334621
0.113805
0.881559
0.752285
0.166735
0.287988
0.0466358
0.180781
0.271487
0.105282
0.87378
0.393217
0.105161
0.36875
0.185707
0.155543
0.0247855
0.822726
0.0464581
0.851993
0.65129
0.00989654
0.281416
0.26198
0.592169
0.70295
0.0151567
0.122998
0.17161
0.329463
0.619194
0.358713
0.0105133
0.966618
0.601154
0.279393
0.408957
0.362039
0.478833
0.0687155
0.112946
0.145668
0.256895
0.0882353
0.476992
0.810241
0.199052
0.875924
0.19453
0.538752
0.0721584
0.88245
0.0197493
0.2375
0.0229607
0.811127
0.874779
0.988873
0.00728988
0.0744346
0.292788
0.845131
0.206384
0.690512
0.152677
0.448745
0.501778
0.947964
0.0175136
0.395302
0.903596
0.0104421
0.0342432
0.966769
0.575454
