plt
0
0
0.0330178
0
0
0
0
0
0.00015332
0
0
0
0
0
0.00414497
0
0
0
0
0
0
0
0
0
0
0
0
0
0.00429194
0
0.000554253
0
0
0.00017589
0
0.000519215
0
0
0
0
0.000519215
0.000161868
0.000400664
0
0.0446336
0.00017589
0
0
0.00269856
5.73509e-05
9.12889e-05
0.000232626
0.000178282
0.000593337
0
0.000803436
0.00105425
7.64116e-05
0.00168335
0.000257154
0.000282975
0
0
0.000168221
0
0
0
0.00021304
0.00234465
0.000295712
0
9.79491e-06
0.000109216
0.000119949
0.000211375
0
0.000128962
0
0
0
9.17859e-05
0.000240445
0
0
0.000110248
0
0
9.47746e-05
0
0
0
0
0
0.000290604
0.000160204
0
0.00708378
0.00781261
0.00387801
0
0.00311226
0
7.94931e-05
0.000234029
0
0
2.98947e-05
8.55764e-05
0.000673207
0
0
0
0
0
5.92027e-05
0
0
0
0.000432815
0.00100489
0.00184739
0
0
0.00694425
0
0.00100935
9.62298e-05
0
0
0
0
0
5.92027e-05
0.00110019
0
0
0
0
0
2.25273e-05
0
0
0.000374265
0
0.000727879
0
0.000139862
0
0.00235317
3.39506e-05
0
0
0
0
0
0.000978579
0.0137375
0.0142887
0.00161726
0
0
0.0137789
0
0
0.000856335
0.00281778
0.00928635
0
0
0
0.00130671
0
0.000246339
0.00926144
0.00024542
0.00024542
0.000682237
0.000682237
0.000682237
0.00024542
0.00024542
0.00024542
0.00024542
0.000682237
0.00111968
0.00201381
0.000117925
0
0.000475637
0.000146441
8.25495e-05
0
0.000136247
0.000113395
0
0.000275875
4.40869e-05
0
0.00124351
0
0.000657177
0
0
0.00203578
0.000889379
0.000857642
0.00134631
0
0
0.00430696
0.0570861
0
0.000929309
0.00271705
0.00296469
0.000511264
0.00387277
0.00112803
0
0
0
0
0
0
0.000515328
0
0
0.00102311
0
0.00418162
1.34953e-05
0
0
2.65439e-06
0.00309529
0.00055148
0.000739303
0
0
0
0
0
0
0
0
0
0
0
6.92886e-05
0
0
0.000137092
0
7.24582e-05
6.23076e-05
0
1.14586e-05
0.00140493
0
0.000352751
0.000631841
0
0
0.000808164
0
0.000955871
0.00262323
0
0
0.00023566
0.0236444
0
0
0
0.000465867
0
0
0
0
0
0
0
0
0
0.000567867
0
0
0.00137642
0.0008348
0.00237864
0
0.000255842
0
0
3.83164e-05
0.000255842
0.000160716
2.4746e-05
0.00355925
0.000877764
0.00416938
0.000106347
0.000239852
0.000271169
0.000121448
4.88361e-05
0
0.000105833
0.000393699
0.00030569
0
0.00338259
6.48136e-05
0.00014584
0
0.000142022
0.00133022
0.00163647
0
0.00120189
0.000187422
0.00101065
0.00168337
6.46939e-05
0
0.00739461
0
0.00205587
0.00137547
0
0
0
0
0
0.00107208
0
8.3717e-05
0.000106177
0
0
0
8.3156e-05
0
0
0
0.0003789
0
0
0
0
0
0
0
0.00100001
0.000333338
0.00375944
0.000660071
0
0
0.000209294
0
0.000698372
0
0.00113704
0
0
0
0
0.000155016
0
0.000302145
0
0.000290771
0
0
0.000315601
0.000858593
0.000299333
0.00025989
0.000802558
0
0
0.000873098
0.00116954
0
0.0121852
0
0
0.000142362
0
0
0.000142362
0.000170483
0.000142362
0.0116421
0
0.00018519
0.00322377
0.000902539
0
0
0.00226645
0.00234329
0.000902539
4.0021e-05
0.000405982
0
0.000176864
0.00273713
6.72851e-05
0.0233104
0.0012029
0.000583137
0.00225918
0.000270934
0.00106357
0.00329056
0
4.27125e-05
0.000428172
0.00110494
0
0.000114559
0.00129877
3.91351e-05
0.0211784
0.00211534
0.000707683
0.0481709
0.0742492
4.85384e-05
0.000337921
0
0
0
0.00151118
9.4262e-05
6.89918e-05
0.000163854
0
0
0.000102579
4.86686e-05
4.65293e-05
0
1.45738e-05
6.68525e-06
0.000283135
0
0
0
0
0
0
0
0
0
0.00727502
0.00513866
0.000367354
0.0164047
0.00815059
0.0140269
0.0154413
0.00515181
0.0150677
0.0167331
0.00118288
0.00198198
0.000138103
0.0024747
0.0104608
0.000958946
0.000602541
