817383 17920
750293 216
898489 159
867891 201
970357 167
848257 230
740164 210
775225 5727
815277 367
862387 320
782164 15339
874981 310
786502 350
664669 211
874290 385
928837 279
731896 342
745494 267
787118 200
930964 221
643338 155
878344 182
512999 81
694193 99
419374 58
795553 161
843449 173
498283 90
370553 51
525601 109
706141 127
892694 153
772881 165
577068 93
399998 73
657529 150
646129 129
704723 164
720513 147
611321 143
353289 61
38534 3620
34402 3189
34404 3245
30391 2933
36063 3424
34692 3396
40586 3552
39927 3618
30454 2892
32629 3038
9894 689
19444 1329
8493 612
14328 1133
15268 1060
12567 933
18345 1115
6264 491
14806 872
19078 1072
14065 612
13029 553
11398 513
6549 321
13659 646
15063 780
7492 304
5438 212
2153 71
9465 422
8434 352
5415 232
6158 233
757 37
4286 162
5935 255
5121 207
11779 442
4113 171
1727 77
13673 506
5406 210
6308 254
2292 84
13284 570
10028 415
5730 208
11755 390
11587 360
9306 340
3691 113
8971 302
2413 63
3248 95
5771 159
6654 173
4649 126
6281 157
1311 27
4142 84
3822 76
6674 225
8034 195
6784 167
6620 142
6876 177
4147 94
8414 158
3500 73
5131 210
6608 189
2074 52
7170 143
6160 144
10837 278
4518 84
7376 182
4918 125
4613 118
7276 144
5611 96
7597 166
7537 259
4411 137
6796 177
6450 121
5441 89
4309 90
7393 169
4496 95
7793 135
1860 45
7519 298
5247 124
1712 32
4988 108
6011 116
4899 98
9327 164
7171 177
6023 91
2438 29
6808 144
1492 30
2809 52
3441 76
1597 45
4661 85
7987 138
4718 110
8676 249
4266 95
4785 80
10059 196
5405 113
4627 89
6348 137
4423 77
2211 42
7727 152
3654 72
4915 91
4514 86
605 9
6940 106
4031 54
647 7
388 14
415 8
5837 98
3302 52
3966 86
5627 86
4794 97
7513 157
1667 31
4774 80
2737 39
840 21
7302 124
497 11
4643 87
9889 163
4829 70
3415 28
1278 21
4211 68
1178 17
5292 82
7288 120
6365 118
9449 213
3576 50
5771 114
2937 45
2782 60
5712 138
2391 35
5916 87
4266 97
3720 83
7582 152
7648 171
6424 114
1460 33
5408 90
2088 27
4110 62
6950 155
787 8
6642 116
7998 137
2867 54
3522 66
1955 39
4517 92
5328 89
8400 181
1969 26
8453 165
9066 189
2390 37
5047 89
5475 102
1113 24
4722 88
5979 113
2695 53
3990 67
3016 48
5374 59
1504 28
3386 57
5292 84
7294 101
3804 62
4133 68
4021 64
8977 190
5433 90
7208 125
11404 201
6953 120
4910 89
7041 142
1690 34
4550 83
6732 88
9686 186
2331 34
3890 41
3242 46
8319 135
5436 86
7276 114
1640 41
2244 27
6829 94
3721 62
5776 83
8164 145
5693 76
4377 51
8381 168
5360 83
2985 54
7451 122
2948 33
3132 37
4731 63
7418 118
4477 66
2287 22
6168 92
1010 14
7955 149
5213 95
2746 51
3945 44
6744 85
2951 43
4024 66
7078 98
2526 49
5338 79
2252 31
4120 51
4840 67
3854 77
6990 111
4248 57
3564 17
4782 61
4130 35
1010 6
4136 64
6114 66
3670 55
6992 107
5021 62
4438 79
1186 29
7047 82
8320 115
4481 52
3588 38
5562 42
1502 19
2140 20
520 8
9837 125
1135 19
7524 68
4207 40
2094 21
1094 12
4129 30
7172 85
4754 66
2446 20
1613 8
5717 52
5263 56
6081 76
3457 42
3620 46
5509 66
3167 27
8911 145
4649 53
5132 65
1677 21
1769 28
1401 12
6303 54
2413 23
3931 41
5091 41
2011 21
1059 10
3877 30
8645 107
6258 81
8440 98
8708 97
2731 24
5678 61
3772 43
4651 53
4563 47
3098 23
3244 29
2252 28
6239 66
2433 29
2495 27
8441 138
5119 59
6198 85
5031 69
1707 23
7567 117
1322 21
5609 93
5778 58
2359 33
2555 38
1121 21
4222 56
4288 49
3751 39
2190 17
5678 62
3063 27
7884 74
3769 42
10163 119
2934 46
5915 58
4842 46
5060 67
6880 63
3396 46
3019 38
2800 36
6950 71
964 14
5913 76
7945 78
4468 62
2245 16
4380 38
4041 23
2678 16
1764 11
2189 23
7825 80
4122 43
2286 25
4839 55
4138 32
6530 46
8037 71
6085 79
3225 25
2890 34
6715 71
5552 57
1113 14
4534 45
4621 45
4017 53
1323 18
6295 53
3602 29
5781 45
2304 23
1683 10
5596 68
9739 82
5768 52
6797 62
5495 69
4452 49
4398 45
4955 53
4977 42
5772 67
490 1
7045 70
3971 32
4551 30
5227 48
4112 40
6884 71
6045 78
5964 80
3652 30
3747 58
1562 19
4791 57
6048 88
3756 37
2686 36
4198 33
8007 94
5377 78
2543 28
2939 34
1311 14
3153 31
3970 44
8907 91
6118 46
5657 48
1238 12
5748 40
1503 21
3892 46
2816 24
3358 43
2087 32
4360 52
1652 18
5565 35
501 5
6567 60
3171 34
3645 26
2790 11
4791 38
3202 43
8603 101
6938 49
6291 68
7866 90
7195 91
2085 28
6877 75
3798 40
2561 26
6806 74
4692 43
6690 63
3764 26
3888 38
7085 39
2917 18
3971 31
5242 33
1624 14
2178 25
1751 14
11819 65
3474 24
3490 34
4952 47
2823 40
4094 39
3951 24
3351 22
8750 55
3349 28
5998 26
9770 62
3914 26
1423 13
1821 18
4247 45
3620 27
3935 31
4422 45
5352 47
6444 46
3231 27
3473 36
4267 40
7205 70
5747 69
4350 61
1729 20
4463 42
2460 27
7923 93
7136 72
1171 9
6702 57
1655 33
6459 45
544 9
3886 43
5823 45
5323 47
3223 38
4553 40
8547 97
3849 39
5233 58
5667 49
1702 18
2865 34
3657 38
4472 70
5083 62
5996 59
5703 59
5423 54
1663 18
1160 9
5005 50
4011 41
6252 70
7156 83
4036 57
5312 63
6845 62
4395 43
3920 47
3949 56
3963 35
3264 46
4981 53
5209 64
3447 27
3526 30
7035 67
5427 70
4965 45
2403 27
7233 97
3572 34
3214 44
3459 38
5809 45
6312 66
4350 21
5068 61
3552 39
4697 42
3490 46
4755 40
3139 26
2087 12
4103 54
4749 68
6441 69
6199 54
3851 39
7613 76
6495 57
4192 21
4430 49
7493 71
3088 22
3610 37
4232 36
3019 14
5186 62
5820 82
3094 38
5767 44
3519 54
4970 43
5707 54
4560 42
7117 67
6528 65
1711 18
6291 57
7127 90
4702 35
5841 56
4216 41
4262 44
3698 44
5326 54
5784 64
5376 37
3818 52
4197 51
3100 36
9601 87
9584 86
3720 22
7380 71
10197 83
1253 16
7187 80
6790 68
6552 74
6634 45
10108 70
3871 43
2379 30
9383 84
5894 39
2967 24
3895 41
4921 29
2315 21
2851 20
5919 58
5568 53
3100 19
5915 45
2941 20
5850 49
1753 18
4031 31
6427 56
4285 33
3840 20
3320 35
6046 85
6590 47
4454 31
2367 21
4834 52
6731 79
4863 46
4526 49
6870 60
8005 81
10629 81
5854 43
8074 68
3609 44
2578 28
7375 53
7692 73
8842 76
4296 32
2535 31
2438 27
7924 60
4887 43
3313 23
7910 56
4107 45
9188 49
3480 33
6874 58
7000 76
5871 28
9810 54
5166 29
3840 25
11008 96
1853 9
10377 97
5899 41
6504 35
6357 49
970 10
6536 62
3275 30
3061 23
5596 35
5797 34
7751 34
3785 25
6255 49
3194 24
8849 40
3770 34
3733 35
5518 20
4257 44
5772 58
9672 49
3548 30
4549 35
7110 38
5924 40
4420 36
7025 47
4197 27
2608 23
3071 31
2616 35
3327 26
3133 24
8512 46
1423 14
5536 32
3923 19
3970 24
2123 5
7632 44
5018 30
5869 39
5700 32
3301 34
3399 16
5128 37
5809 17
6163 32
6532 50
6816 33
1478 10
6690 51
4094 37
4448 41
3435 34
7613 54
6431 53
5930 44
1365 11
8368 57
3373 16
2269 16
3998 31
10452 75
3723 18
6652 39
4335 51
4340 32
8170 60
5326 37
9186 44
8859 64
3921 27
8205 32
5613 49
8426 48
7513 35
2046 12
6606 34
5734 16
4498 36
8501 66
6105 54
7943 43
4529 22
7025 44
3210 27
3739 26
3951 34
1238 14
6793 55
7625 30
5961 45
5193 57
4177 26
6738 48
8166 84
3608 27
4790 28
6186 71
4367 45
7067 54
4251 31
8516 90
6021 64
4503 42
4726 24
3747 28
6252 50
5629 46
7361 65
2057 14
5188 40
7219 65
7034 49
7397 57
5681 43
7116 37
6486 68
4801 30
5174 40
7927 55
6674 43
5663 33
7511 55
2300 17
3319 21
5863 25
10201 62
1992 8
6321 40
6025 35
5196 38
2547 12
5947 39
6710 54
7846 81
3773 29
7049 78
4583 29
5710 57
7594 48
6622 55
4498 29
2415 8
4166 22
5170 41
1755 5
5092 43
4694 50
3468 14
3933 34
6521 48
7547 20
7684 24
6632 56
6525 29
5023 23
7615 48
8251 38
6612 37
4486 21
6023 10
6881 37
10352 65
8884 64
7197 39
4997 30
6710 43
8047 48
6590 51
6650 38
7425 25
9194 57
7063 51
5666 20
3826 31
4752 13
4303 27
4046 23
6201 38
9186 66
3419 39
7315 45
11316 58
5383 28
5527 44
3703 23
5674 26
8325 63
5994 45
7534 30
7423 70
8766 52
7302 51
3358 33
7708 40
5508 27
3938 33
978 3
3887 27
6271 46
3325 26
7946 51
6868 48
3157 12
5578 30
3231 27
5479 37
5838 34
4015 24
4649 36
3896 17
3067 19
7105 51
8751 83
1083 10
121 5
4084 39
9347 45
2409 20
4581 24
7199 37
10698 85
3740 17
3684 41
4475 35
8473 59
8913 60
8827 62
3855 28
5022 37
5948 60
4760 24
6454 65
6993 75
8915 59
8582 38
5668 45
5625 57
6099 79
5553 31
7235 63
5472 70
6263 51
5021 43
4710 46
4065 14
5359 57
6856 47
5681 40
6680 27
4720 27
7929 32
6958 19
3385 13
3415 34
3073 22
2995 22
7932 87
7832 41
4417 48
7664 35
1843 11
1843 18
6236 57
1712 14
12754 73
1833 16
3891 35
7746 53
6638 50
3930 41
5801 31
3958 28
8535 89
6302 41
4103 36
8320 33
6686 44
6031 54
575 6
6560 39
8098 70
4966 61
3294 27
6543 31
5174 9
10983 51
3985 30
5164 37
6424 30
8223 36
6131 24
4790 34
5500 29
3032 15
5771 30
6183 26
5393 49
3079 14
7283 39
6151 41
7650 18
7748 55
1994 26
7340 39
6039 14
5997 28
9453 76
10005 44
10588 94
7421 23
7301 54
9998 49
6713 29
12404 42
6518 43
5145 24
9177 45
4108 19
6315 45
6833 34
5821 33
7194 63
6702 33
4520 27
10896 33
10892 74
4711 23
6617 33
8717 60
10027 22
6610 46
3024 14
4953 11
5465 41
1766 16
3815 27
1297 9
3847 18
6520 52
3407 29
8162 59
5666 25
3054 10
5765 39
2063 19
4343 28
5147 42
2539 20
4513 46
8390 43
2553 17
4365 30
1728 6
5109 38
5664 29
9520 87
8030 65
8448 37
5443 17
9684 29
13754 66
5355 29
6088 31
8257 29
2816 12
13195 83
8686 50
6431 33
8599 49
5062 42
4746 28
2366 19
5787 48
3305 18
5832 21
9191 20
3602 11
3847 23
7406 29
8634 31
5995 35
5213 27
7676 54
4672 28
3822 27
5749 29
6232 20
4613 36
11373 76
3040 15
6417 48
4531 41
5140 28
5047 37
7679 51
10130 83
6200 34
5542 48
7881 38
4192 30
5872 32
7913 62
7476 33
3855 8
9219 66
5419 28
6250 30
8478 34
6827 30
3139 22
7910 54
3929 19
1796 12
8846 39
11393 66
9208 39
8506 17
1876 13
4399 23
3366 15
6329 34
6710 39
6014 30
3712 26
4123 20
2953 18
14054 83
5472 20
4147 16
5248 36
7822 29
10010 38
5629 21
9053 50
6213 37
5498 13
4151 19
3534 23
5371 40
2537 7
7719 35
10635 61
3674 27
2934 19
5148 24
6047 29
3873 15
10981 16
5872 20
10204 29
7629 35
1945 15
4691 12
4475 29
3123 17
7625 36
5054 30
4003 16
4513 34
12040 64
8110 37
9422 52
3771 32
7690 44
10648 63
7455 36
5557 27
10862 42
5398 17
5277 38
6642 22
433 1
7818 57
5273 22
6719 37
2683 16
10027 30
3826 21
8156 34
7425 35
7034 27
5685 23
4858 22
11301 17
9685 34
10862 62
9506 65
10099 25
5093 17
3323 21
11916 65
11294 44
5142 27
2951 28
5033 20
6669 35
9588 26
5265 25
7181 48
6321 30
2254 21
5028 28
10245 74
8143 70
7055 56
10034 59
3677 19
9699 65
8236 44
8345 45
5054 26
9385 54
4851 22
5656 42
4732 24
7520 49
5564 33
5191 27
6004 47
5632 23
3668 25
5622 15
7228 30
3427 14
1192 8
9162 27
6483 33
8655 52
3395 21
3580 17
8359 27
9266 47
3926 24
3926 23
3264 17
5767 27
4106 19
13195 41
5139 24
5219 14
16432 67
8050 22
7107 27
7421 38
6246 36
5150 6
3747 18
6024 24
7377 39
7111 59
9827 42
8493 33
6491 22
9175 38
3987 16
6611 41
6543 25
4165 8
4076 15
11051 44
7765 43
10770 28
10506 26
6107 35
6102 48
3914 8
7103 47
10325 42
6265 36
11165 46
5025 14
6836 26
9665 21
3861 8
7154 19
2833 14
3079 27
5113 23
6507 38
7768 36
3672 19
5497 25
10535 56
4861 33
9599 39
10035 33
10985 62
3113 13
11324 56
5600 25
9487 62
5915 22
8670 38
6997 45
6588 18
3433 19
6114 25
9683 24
6882 23
4138 23
6386 31
7228 30
8279 33
3378 21
9498 46
11168 47
8056 30
10429 40
7381 40
6555 37
9760 45
7609 39
7199 40
9038 58
11292 56
6322 34
5194 32
6885 25
5754 27
7051 29
11097 23
8043 27
3035 13
5770 15
5728 33
6410 43
9036 41
13034 40
7529 37
6085 38
4512 15
5966 42
12182 52
4013 13
3710 9
10589 43
4197 17
5650 28
8845 44
4368 30
5026 29
5704 25
3825 16
5345 17
6911 30
13063 41
8578 41
2979 8
3922 8
10327 26
5943 39
7010 26
6078 32
8407 30
5432 34
12620 45
15522 88
8266 28
3454 14
6804 23
11798 27
18656 23
3944 28
5317 36
7665 39
6933 32
7964 41
6533 22
6779 30
7596 20
7809 42
5640 20
10060 40
18876 57
10206 53
11729 41
10385 63
5109 29
3280 25
12135 32
12300 41
11567 68
11971 56
4467 14
13473 66
1547 8
8737 47
7704 24
7334 22
15629 58
9511 22
1895 6
7914 30
10933 40
6447 33
6096 20
15018 51
7863 38
7368 19
5016 9
9997 31
5208 22
7562 37
2740 16
6691 33
7895 29
10418 31
11584 40
6547 15
6625 11
9339 45
12202 48
6738 26
7247 31
7071 31
11257 69
7226 35
5194 24
4821 29
3470 24
8321 34
10187 51
11029 31
10278 78
11077 44
5618 24
11991 62
7301 31
9175 26
4300 18
10800 24
12739 33
8508 26
14845 78
7626 39
4007 22
6986 35
12314 36
8671 34
7194 35
9482 40
11135 72
6422 15
7607 34
5261 30
7402 45
6800 18
8206 39
13287 38
6965 24
7098 15
5638 18
5487 18
6759 41
8749 45
14298 78
7837 48
5336 20
8940 34
9577 59
7302 40
3905 29
8047 62
1779 15
6560 26
6641 27
4867 29
8854 36
7283 36
4257 28
11043 65
5584 37
4475 21
11871 60
12424 42
5587 24
9560 58
5330 17
11128 75
4468 18
7290 34
6274 30
3709 14
7386 30
4711 29
8486 47
9344 24
10919 48
10176 51
6137 26
8298 43
3576 21
8309 27
6669 29
9760 44
9876 73
3340 11
12034 54
1941 7
7520 28
4466 23
7493 41
9054 51
8210 37
2313 15
7196 30
9814 35
8808 53
5316 18
8142 30
11566 39
6022 28
3550 22
3587 10
4990 13
8634 44
14572 49
9631 22
8389 24
16956 65
8567 47
7725 39
10438 55
5570 23
14268 40
6427 16
7898 51
7798 32
3581 20
11184 37
5965 35
5103 13
4060 22
6215 28
10082 34
16233 64
5288 16
8060 32
11788 59
9785 35
13352 48
8062 46
7653 37
13342 48
8855 46
3918 19
5202 23
5553 39
3483 16
7455 46
3984 19
11275 30
13888 53
8860 28
7662 26
6206 49
7213 32
6461 39
6831 45
11938 58
8078 37
8476 33
9073 23
11594 37
5075 26
5686 29
25287 80
2746 17
9683 49
8984 47
7637 32
6447 17
4747 15
7250 65
5421 15
4599 23
9973 49
4533 9
9005 42
9126 23
7047 44
3632 16
12810 45
7547 34
12403 70
8928 45
12939 88
9251 60
5294 14
14909 63
5846 37
8036 38
7872 32
4694 16
7882 33
12467 47
16946 73
9283 60
10713 44
10099 50
7370 27
7068 42
6371 17
9337 43
7101 26
8315 25
9891 89
5424 25
7618 46
8052 38
8675 37
4413 35
6174 36
7617 27
7697 31
6269 28
7294 44
3798 25
6122 29
7863 53
9693 57
7212 22
7202 37
7464 24
10898 79
8464 30
13406 68
9180 55
8741 34
5227 42
8269 26
10707 59
5789 42
7593 35
10864 36
3950 12
6232 34
11815 37
3007 15
10472 64
10740 58
9206 59
6665 29
8696 38
16144 74
6400 45
10810 48
4323 27
8245 41
6265 25
11024 42
13482 66
8720 49
13931 58
9527 27
11840 86
3921 16
5976 24
5660 35
5372 20
5849 26
3862 26
9230 45
8149 42
7164 36
6183 31
6473 39
9365 61
7066 46
4990 17
8626 43
7667 29
8030 35
9163 66
10419 36
9214 65
9256 40
9831 23
9561 38
5466 21
10529 47
10675 35
6160 27
9656 29
8653 29
13589 69
8581 49
15296 44
11224 56
5033 24
8536 20
8778 31
4170 29
7763 21
5040 23
5447 27
11650 50
7599 29
6159 20
8491 37
5321 32
9207 31
11829 36
5825 34
8360 33
3532 13
8902 33
5069 34
5680 23
8148 45
12877 45
11988 48
13087 47
6701 40
9347 35
8906 44
8226 30
8355 56
12710 31
10247 25
6644 24
10759 42
12119 47
6310 26
8430 67
6661 16
9667 29
4107 28
8127 27
12967 41
6804 22
9636 31
6294 28
11138 35
8306 14
7430 26
18060 79
7911 21
4641 12
7832 23
11554 53
8254 28
7105 19
10484 25
11467 32
10268 22
10203 42
12261 50
6812 33
16014 33
7232 29
19044 82
14020 45
12377 42
16996 37
12829 30
13949 59
6255 29
14403 75
16276 38
8644 38
7742 17
9468 41
9683 42
6939 23
13284 39
8743 28
5747 22
9405 33
8513 36
10767 42
7038 40
7905 28
5408 25
12237 45
9404 52
12445 42
4992 36
7456 39
4100 9
12009 35
9187 55
10864 35
6305 24
4463 24
10196 39
5079 38
5881 20
9641 48
9278 36
8539 19
6414 31
8325 45
9259 45
7488 33
8482 36
11098 27
13341 39
10955 23
7669 59
9551 31
13160 51
9526 51
11750 74
10980 52
4701 15
10944 49
12083 36
11032 62
8655 29
12958 58
11408 51
14378 39
10093 69
11129 42
4118 19
6541 18
10350 46
9656 18
11533 28
8549 62
5229 20
8393 37
6908 31
15430 33
9948 27
8610 48
11821 48
6770 26
8999 32
10154 37
8706 39
8398 30
5928 21
8772 25
9681 38
10856 42
3556 20
11507 45
12601 59
11470 57
9781 42
11926 39
11570 36
14410 52
11691 47
7579 17
11539 28
12990 51
10802 41
8408 31
16086 58
10325 38
9076 24
11564 37
14198 33
11137 30
12558 43
13671 39
16425 54
8483 37
8802 27
6842 38
10370 22
11010 43
12008 39
10445 38
6756 20
16103 58
6921 27
9288 30
15027 52
8053 23
6675 27
13453 43
11347 36
10737 49
10488 31
9784 34
15369 46
11665 42
8299 26
9484 28
5616 15
7194 21
7052 18
12807 52
9015 39
6846 27
9353 36
10430 39
10372 56
11903 36
10328 43
10952 56
13000 39
7779 28
9986 37
9555 38
11864 46
12310 45
10696 42
8850 21
6423 33
7841 33
7508 22
11074 32
9317 33
12525 45
7509 25
15528 56
10269 34
7527 27
9576 62
12641 60
10327 44
9849 68
8407 34
11276 37
12838 39
8461 30
10381 56
8113 34
11170 58
18152 68
7863 35
8885 34
9988 44
15154 34
10284 33
15274 49
12374 38
11387 56
13780 38
10116 30
10938 46
12119 48
14603 33
7089 22
7600 31
8254 39
14022 38
5231 17
8420 47
10356 40
7390 32
13219 37
14625 80
12359 23
8975 51
8306 28
10345 71
10867 43
4930 32
6237 31
16761 43
9257 40
15468 88
9470 36
5378 29
15623 40
10760 37
5935 29
8972 35
16667 37
9948 35
14823 45
7246 19
4881 14
9451 36
6918 19
4957 25
12529 53
9162 26
5832 15
13774 51
13588 46
10914 48
8969 36
10860 44
11359 29
9989 52
7835 26
9030 47
20954 43
13492 52
10026 52
8716 44
10686 36
7486 29
14677 55
10558 66
11038 64
13948 60
12634 42
16332 103
5195 18
12304 69
9635 35
9561 24
12019 36
17902 19
9290 41
7268 27
10140 41
13030 27
15009 67
9558 26
13499 34
4934 49
10524 59
15255 50
9047 44
13773 52
10053 41
10525 42
10200 58
7154 43
7718 33
13350 61
8014 36
9849 32
10504 14
11605 84
12039 23
10934 60
8151 36
8550 22
9388 31
15432 42
9290 35
6682 34
4369 12
7336 17
18205 45
4686 23
16987 25
9920 49
10146 58
18373 99
8195 19
7988 66
10916 26
16164 67
10027 21
14497 69
20595 77
6481 36
11071 35
4863 18
6418 30
16284 39
8766 59
4749 20
8750 17
18019 40
17972 57
12607 76
22199 45
10024 54
6483 10
8537 35
9269 66
13895 66
14051 52
10507 36
12924 21
16130 16
12569 70
8586 42
16437 33
12916 58
12626 14
8373 43
15934 40
13689 59
15021 44
7465 36
3614 11
14594 26
8975 26
2274 9
14493 36
10322 44
13363 80
6996 19
10191 55
8793 43
15759 88
10688 31
11247 47
5738 40
8760 22
12488 15
7762 15
12160 35
14412 20
11940 24
14756 23
5578 25
12193 29
15836 54
8517 14
8939 36
12777 31
9218 24
10562 38
7883 24
6422 33
11912 8
13143 27
9922 50
10963 23
10784 49
8505 31
14238 18
14488 25
12585 25
16632 26
22170 28
8232 32
17256 24
13647 32
11544 42
18250 21
16652 6
11824 34
16983 37
10138 25
10188 26
24876 37
10911 36
6395 17
5408 15
11350 34
8025 2
7784 15
9935 23
16868 31
15000 20
14418 50
16036 25
13141 43
10932 49
11474 29
20040 17
13837 16
8224 56
9972 14
8588 16
13795 24
9565 20
14569 54
8344 13
9734 34
7363 27
18049 25
13120 24
6063 14
17222 30
14973 44
3269 9
16507 29
9995 30
25990 22
15464 36
11436 16
15041 35
10090 28
6512 25
16279 17
24361 41
10720 15
12971 24
15102 16
12740 16
6783 38
19422 25
18198 14
9171 12
12969 22
10492 30
11774 34
14878 62
19484 24
9097 15
21787 30
14469 31
11018 13
12210 30
15699 9
19098 28
15626 31
21367 35
11335 17
17774 32
19992 24
9771 36
16292 36
13239 22
9218 18
10695 30
7465 30
9870 28
8415 16
16570 11
10786 29
21788 22
6645 27
12536 40
12854 47
11755 23
16450 17
15199 30
10933 16
6105 13
4964 16
10461 30
10344 34
10250 21
4905 13
8761 11
7276 15
9630 23
6322 7
11429 15
14835 25
6063 8
16377 21
7258 14
14563 12
9208 16
14320 16
12095 17
19526 40
12209 17
5484 7
16007 24
5825 16
11323 24
7867 18
7872 15
9888 23
13676 19
10460 28
6447 13
6682 10
9401 36
8039 7
13303 16
11606 23
10722 27
15886 25
5204 8
22463 29
8851 16
4290 6
8351 29
14199 25
20470 18
11387 27
17342 21
22493 23
5768 9
11760 25
19393 20
21370 40
18119 29
10223 27
15679 23
6617 13
13231 16
10740 45
9774 21
8822 18
10110 23
12152 19
17968 13
12310 27
10611 35
14072 26
11961 23
20542 26
18832 43
9624 22
13621 23
3984 5
17010 24
12066 51
12463 38
8057 7
13028 44
11541 16
11610 18
10732 29
14494 29
11880 13
12426 40
7487 12
12477 29
12584 36
15503 51
9134 25
14226 40
15362 17
24011 18
25096 38
13323 16
14088 21
17284 21
19283 30
18259 18
8484 15
15456 21
21132 19
9305 12
10866 17
6882 12
10441 30
18948 19
12106 18
5071 12
15204 13
20784 26
18869 40
9619 41
13762 20
7569 19
15266 28
14980 21
26324 32
10322 23
13062 42
16699 30
16248 36
11651 31
9141 18
20726 34
7980 11
16630 32
24473 15
16953 28
10406 16
11655 7
8443 25
12031 15
20695 26
14616 19
11698 12
13672 20
14000 11
13874 27
12967 24
15381 13
19874 42
7348 11
19705 37
10196 12
19162 28
9983 31
12989 20
11351 28
15703 42
12875 29
9644 15
13612 34
8580 9
15325 22
5413 11
9689 14
15421 21
9075 23
22600 45
19607 25
12189 18
30417 54
10189 19
15259 29
12191 17
6928 14
8677 16
10335 34
17868 19
19945 27
8439 21
13297 18
21438 29
19056 59
10239 41
21040 28
9805 18
6251 16
19300 16
22989 25
11817 18
8971 10
21149 30
14153 17
17379 46
17226 24
17136 18
20181 29
15443 21
11481 18
13118 14
6754 13
15138 20
14762 12
7110 22
11361 34
15488 54
15745 21
9515 19
19744 24
12408 10
10864 14
13616 40
13676 37
17767 36
9373 23
16384 12
11377 42
17945 32
12031 31
7246 12
9849 19
19075 24
11856 31
23682 33
15181 25
12559 30
15030 51
22726 27
9843 19
25718 35
14492 38
21227 32
17322 34
20095 44
29077 40
13323 20
10605 25
19268 38
22325 25
19388 22
18084 35
21119 42
9603 28
18409 36
18587 49
18316 32
21498 21
19098 28
20865 62
27807 32
18899 18
15012 27
16519 21
7770 22
7918 12
17304 37
12649 25
15294 15
13051 27
18381 21
22704 33
21206 58
12747 34
21858 15
18344 48
26380 27
10145 25
16693 35
24385 30
19341 32
20528 35
16520 37
21072 34
24315 49
8153 21
15157 21
14165 54
20169 33
19247 20
20938 48
12574 44
19676 31
25009 51
21690 51
22258 34
8200 23
15863 40
22957 62
20347 32
21560 14
21856 30
13280 23
16601 31
9896 30
11424 48
9607 25
22636 46
13613 52
10270 19
11699 35
19185 30
16984 34
15109 29
18916 19
12735 17
16198 18
18342 42
10526 20
9909 28
17640 47
11372 33
19782 50
13546 33
20001 23
9508 32
13152 36
16285 9
16129 51
15628 37
14548 23
16564 42
11642 15
9469 29
13472 30
20724 45
14350 15
20837 31
12088 32
10959 33
18754 22
12424 24
10086 21
18449 38
11146 12
13451 48
15001 23
12410 54
10450 31
12561 15
15338 32
11670 23
14869 30
17663 49
14633 32
16027 42
19903 34
19692 42
17021 49
15072 52
14272 40
11169 28
19904 56
11879 35
9870 25
11400 32
9938 27
21101 36
15772 61
18060 44
10458 66
13972 38
15241 70
11777 40
16903 45
22855 63
10928 58
16506 39
11920 35
22432 50
15842 50
16111 75
19394 75
13550 23
18253 38
19396 58
18418 34
14141 31
19430 26
11515 28
11137 16
12985 29
5687 13
19690 64
20618 39
9684 19
15893 43
20586 71
12885 36
13641 36
13833 36
16466 24
15339 32
13744 96
16803 62
12134 30
8047 20
24468 53
12696 52
12232 21
18504 109
19733 42
15405 13
20096 40
10021 19
7784 22
8922 28
16106 35
11707 56
12445 35
7384 11
15733 20
11144 28
14205 27
20386 65
13732 32
10884 18
12782 31
14409 18
15409 30
10679 25
7933 15
13759 46
24358 21
16455 28
8036 19
21813 47
9951 23
10468 35
14449 38
12323 27
17693 39
19383 42
8412 32
7084 12
11443 27
8597 15
17782 33
8877 22
7701 35
24113 31
13271 26
11819 19
11198 35
15298 21
17210 51
9614 18
16981 19
11198 12
13508 20
13178 49
11408 58
9058 27
11765 31
9412 15
13658 19
12790 31
10625 24
18641 22
14105 34
19087 35
14937 30
18539 25
12433 18
16029 56
18562 27
12243 33
10474 28
12108 31
20218 15
15563 41
16548 17
11259 7
9659 16
16809 23
12652 34
16981 21
22137 30
9724 21
12925 19
10370 20
12598 31
9853 17
16286 25
14545 36
13098 11
10287 43
20492 28
14282 19
17696 37
13595 15
11424 8
12667 21
15997 17
15648 23
15360 30
16377 27
7905 27
8148 21
7719 17
19735 14
9732 21
17590 40
20486 26
11652 31
20546 21
14760 25
9299 19
6902 9
13083 21
10171 16
12124 19
19247 12
9980 22
17270 18
18964 29
7389 18
10755 13
8888 13
16853 39
13396 21
16699 15
12912 9
15803 12
22021 41
10377 29
3905 9
14759 35
14232 13
12855 56
8163 22
17106 16
17179 28
10456 35
18271 29
11054 24
8856 18
11662 39
14551 32
10663 17
11817 36
14778 41
14603 26
16029 27
3647 22
13875 14
10240 30
9809 37
7322 28
18822 22
15108 31
11240 26
15254 13
20136 24
6147 39
10077 13
9605 14
8169 33
15192 40
12872 29
17303 40
23567 43
12693 22
7482 17
13906 13
15088 10
8287 20
8241 20
20442 17
5826 12
16375 7
12716 25
8601 14
15110 18
12941 20
4493 14
8712 9
22055 18
11701 19
6996 14
6187 12
11628 20
25804 10
12566 8
10278 14
23260 12
5900 7
16100 21
8679 21
15895 21
21818 44
17420 27
14843 9
15338 15
9302 19
16406 25
5800 11
16261 21
10054 11
6056 20
8913 29
9465 19
18871 25
8847 27
7110 18
16804 21
6878 17
7274 8
6581 5
14022 6
17838 11
5097 14
22288 30
14379 17
14902 27
7409 11
6370 10
12864 17
17491 9
12722 6
21105 25
9087 13
14750 12
11176 16
7415 17
11993 18
20614 7
7844 22
12891 32
16601 11
17702 13
19269 11
19332 14
8597 15
10045 13
4935 7
12980 7
16443 26
6476 4
16587 4
5970 9
15782 18
9517 5
11067 19
8229 18
16359 23
21870 16
16716 10
6924 13
12044 13
7891 12
7410 4
20244 15
13502 22
18413 12
5836 12
21437 9
5907 16
7142 19
13876 12
10455 16
7844 21
22523 23
13712 10
17054 15
13224 7
7708 13
18911 14
10295 7
12641 12
11225 26
8410 7
27720 20
22286 15
19387 10
13338 31
12857 19
14973 16
12878 25
22555 28
12837 9
13391 33
17202 17
23260 16
16660 20
17020 20
33923 14
9337 11
17060 13
12908 34
6579 8
16629 11
17620 15
8438 21
9951 18
15270 26
16491 19
26093 13
16827 18
9946 24
20868 26
17807 8
21816 12
17788 16
14490 16
13418 10
16246 20
16236 15
10175 21
18838 15
18836 11
11021 23
19388 14
21905 21
10407 9
8825 27
9646 8
21970 19
15360 14
14051 19
20851 15
15735 12
11455 11
8344 12
22676 20
16341 20
16024 10
18481 11
13555 27
23382 14
26755 15
20494 8
16727 9
27387 22
20957 13
16122 15
11602 16
24893 9
19121 17
23701 34
18146 14
20296 11
19754 14
18398 9
13247 18
18175 18
23838 14
17172 10
11306 23
14403 17
22430 17
20693 12
13816 16
11983 19
14604 9
5870 6
10186 12
10774 16
12594 6
6643 13
22649 16
19140 15
24300 20
18091 12
17677 10
18581 8
21715 9
24663 20
16127 14
10307 19
9120 20
15857 16
30071 17
9584 10
24419 24
21759 15
26586 14
17257 6
8721 14
22538 18
12431 33
15479 7
23032 21
14982 13
14770 7
8803 5
22107 21
8825 15
7027 9
12995 12
21842 27
8450 5
8687 17
23450 18
6840 13
29588 29
15705 18
11087 26
18580 14
21333 8
13720 17
10887 21
29229 26
19461 20
16762 7
10966 11
11837 18
27844 26
13059 25
6678 8
13331 22
17215 20
13604 9
20194 25
10885 16
12693 18
31818 27
6476 11
12044 23
9173 8
9523 23
16132 18
19670 34
15621 15
12420 13
13759 11
14052 12
15649 16
14053 20
25408 42
18714 14
15738 11
11841 8
24421 14
16691 25
15652 3
15417 11
10800 29
16035 15
12800 28
16509 7
18509 14
22544 35
18604 27
24127 52
18124 18
19227 9
24597 22
16651 14
23983 25
18505 36
11592 28
24724 40
12010 9
16037 33
17906 32
14771 17
9139 11
25021 39
18178 29
21208 21
20075 63
7181 40
15198 11
9587 17
11448 18
14587 21
15842 10
23153 22
19739 8
12520 11
26306 25
16029 28
20101 27
26987 17
26007 15
29459 20
15406 22
10482 11
16893 9
16778 11
10063 11
25493 33
26027 21
17095 19
17993 15
10385 14
17459 9
19915 16
18916 15
13100 15
29289 13
24705 15
11879 22
13313 18
24717 14
8306 10
15495 7
18767 12
31354 19
7990 6
11205 29
18487 15
14640 27
23148 14
14819 23
17683 24
15437 18
32217 18
17020 8
27631 29
17656 9
27076 19
16827 9
24016 18
9925 7
10820 14
15011 19
12401 8
6110 10
24958 20
13059 16
14290 7
13484 15
8284 21
10735 14
20184 11
21939 12
13122 15
24146 9
17496 3
14454 8
19560 12
9969 25
21031 13
26962 12
42660 21
9371 9
11036 11
18886 19
8629 11
7349 11
20583 19
26073 17
22515 18
17723 9
20608 22
21330 11
9752 13
20403 17
24200 17
18403 8
9019 16
12514 21
49387 31
37873 66
21064 63
24594 53
16984 13
25626 24
15367 17
21754 47
25341 20
10692 13
8999 16
15398 5
23890 11
6079 11
10697 13
23534 13
8764 8
24798 15
10760 12
17205 20
21929 22
8710 17
18277 12
27143 27
26293 19
30760 22
12984 10
23304 26
17168 17
22481 11
13026 23
24781 15
29568 22
19940 21
25120 12
16978 33
11972 17
14846 26
9732 10
22327 20
19961 16
24819 13
14500 10
7274 8
17860 21
38839 14
20743 26
19622 14
9866 13
11931 8
19485 9
17101 15
23135 17
6260 11
20656 16
25853 20
17446 6
21003 27
20878 13
17397 13
31744 25
14508 13
21579 16
20642 34
23951 18
27046 8
10379 12
21298 18
21663 28
31782 12
22644 7
15859 12
4851 9
27880 16
16756 6
15641 19
20253 35
24979 18
23175 29
7501 5
16881 19
10477 17
24599 32
19362 11
10643 5
22868 15
11165 12
8810 10
32021 27
7075 18
32233 26
24984 12
12247 14
14168 19
14147 20
12524 8
19147 26
22414 27
5684 16
12039 20
19503 28
23601 16
13399 13
22044 11
15725 7
24201 20
12618 12
22924 5
9381 14
11456 19
16660 15
18276 11
15178 14
19569 31
21456 20
11211 37
17702 6
8997 14
15041 14
19818 14
26812 11
17632 19
23529 15
10903 8
14968 4
20079 12
10836 15
16025 18
19268 8
26069 10
7468 21
13526 18
14768 23
28679 15
35741 16
22618 13
7970 11
15829 18
27200 7
15114 16
5861 8
14679 7
15367 15
14991 10
11801 20
27083 20
16538 25
5608 14
13834 13
19944 20
16196 19
18010 16
7156 7
21585 31
16797 12
28350 26
27360 21
16397 1
21916 25
18442 4
21234 4
9448 16
16929 6
18038 22
7816 7
13674 23
31592 16
9895 14
35847 29
28325 8
20060 7
19182 11
18426 17
7673 17
16494 14
12310 23
19310 24
23712 8
25934 4
19529 18
27722 19
15825 12
11544 8
11806 22
17534 11
23491 9
6048 6
22423 14
13238 14
21225 10
24765 15
21028 12
11585 15
9611 14
26302 13
22777 13
27020 17
10447 9
11113 14
12913 15
31674 12
27747 9
12514 10
13070 8
9111 15
5265 3
25731 8
19316 8
9091 15
4551 4
24130 13
8539 14
19633 7
25965 10
21293 14
11231 1
10659 11
22665 7
19735 13
17540 21
24848 11
6646 17
21209 23
19655 4
20186 16
27840 12
24053 11
11389 15
18317 8
17913 11
13642 14
24587 11
18346 7
19621 15
9773 11
23312 7
7017 4
10226 8
23749 10
28346 10
15127 6
7784 10
13286 9
21298 8
26387 16
18685 9
6371 8
29889 13
10669 18
25320 10
19537 7
16958 10
17761 8
31055 18
17304 13
17329 4
18852 6
13182 7
36287 14
26587 5
26130 12
25582 15
11925 12
19869 5
17747 19
10148 8
18656 5
19011 8
14285 14
22071 14
19644 7
22016 20
19792 15
14871 11
9137 8
21235 4
26560 5
26814 15
29128 15
32224 10
21905 7
25363 2
9448 13
11397 12
24392 18
31452 7
18757 9
33169 7
18501 4
22392 5
26192 11
12310 8
26374 5
14174 9
12547 12
18744 7
32681 16
14078 10
30348 10
16601 6
18643 11
11110 3
22256 13
7718 4
28322 8
28595 8
19822 2
26526 3
16280 10
25865 8
28168 10
8325 7
15372 16
21029 4
25731 8
16915 21
32942 13
14078 14
27222 5
20820 4
17397 10
24581 11
11724 18
28644 10
15745 13
23375 6
25750 5
14630 4
30497 6
24098 13
11722 6
31423 12
15508 9
20824 8
26251 6
15587 5
24236 7
21917 8
8992 5
32980 4
28070 5
29650 11
26518 12
22156 7
27163 9
19913 6
28149 13
26110 8
30368 12
33086 7
21189 6
29290 20
15843 25
22118 4
27425 3
29262 4
23140 8
25948 10
27800 2
24326 10
34508 10
9343 7
18131 7
12551 6
34641 6
25124 10
25795 3
26924 5
20150 7
24616 8
21660 7
14402 14
15388 4
30105 4
34857 11
27753 10
15470 12
20949 4
24851 6
33019 5
29621 7
18214 20
32075 9
31400 6
42603 5
27048 5
31610 11
33036 7
18187 3
26039 13
44606 13
33575 5
18575 9
26754 4
20457 4
43961 9
21967 12
27691 13
31526 12
30062 8
27470 23
12336 17
28748 12
31449 13
28097 10
26775 1
27284 16
26117 7
24609 9
32300 9
31638 8
31110 7
23727 21
22453 8
23725 14
29225 11
31114 10
29297 7
21282 5
25415 9
35441 10
28923 25
31549 7
21641 21
38143 16
27783 8
28679 17
27128 7
23603 13
26604 5
16232 16
28097 8
25210 3
17458 4
22001 8
30597 23
23502 6
35877 7
25875 12
34564 8
19688 8
12259 10
42043 2
20480 5
55019 9
24906 11
26258 18
37218 9
24617 6
21821 19
24803 14
25896 6
20354 6
27155 4
49838 15
37877 10
23400 3
33822 11
27174 9
19770 5
26694 6
18529 1
25187 7
21890 4
20011 27
16457 11
24326 6
36247 13
21357 7
20366 10
22154 7
35710 3
21623 5
30706 10
37282 7
30559 6
32253 1
35249 10
32927 8
25913 9
29167 3
26036 10
26064 4
30052 8
28931 3
29464 10
18886 8
37422 4
27535 15
29942 6
27740 7
23678 1
28579 11
30496 9
18991 6
34125 3
37153 6
27014 6
22154 6
25026 5
28232 10
44074 6
23782 2
17277 8
31061 10
28979 3
42760 8
37199 14
38021 12
33934 9
25381 13
31873 3
30195 9
32133 17
39294 12
24911 5
24498 8
27038 8
45943 10
44693 12
19466 6
35711 4
27534 6
40520 8
20479 15
33056 9
27495 10
37941 2
38088 5
31046 5
19630 6
39917 13
20545 5
22661 9
27315 8
31635 11
20770 6
26643 3
30732 9
27928 11
33253 12
33795 7
25259 2
30542 3
22203 3
29106 7
34113 10
21335 7
29156 6
20544 9
22256 10
29972 3
29732 21
21044 5
35116 9
22956 7
33770 12
24131 6
24143 1
28996 5
30977 6
39085 4
29768 4
34192 4
22506 5
26496 12
35954 13
26375 5
19965 4
18752 3
25971 6
23081 7
27793 2
30052 6
27674 9
37348 10
41315 6
39154 7
25115 3
29534 9
33561 6
24886 7
33923 7
30293 1
32691 12
35842 13
30590 7
30587 2
33499 8
48249 14
33728 7
40437 10
29154 5
37268 7
27018 21
27057 11
24729 3
33281 17
31222 4
37300 5
31156 10
27474 7
29056 5
38642 9
26467 5
34981 6
31761 9
45690 10
24977 9
39743 5
33904 11
41696 16
47668 9
43447 5
47557 10
35980 11
34547 7
35745 7
35213 11
36293 7
35707 4
31986 15
37392 4
32276 10
38824 5
