




1024455 5586
1306926 5578
1180051 5522
1396775 5720
1189256 5448
1194688 5430
1421565 5383
1848864 8
1799823 6
1802072 15
57090 3010
47220 2698
57761 2949
49220 2903
55471 3026
49899 3019
51827 2796
55188 2961
51998 2892
44830 2870
46627 2787
34330 2454
19666 1051
19686 1065
21344 1096
21185 1133
16152 984
20103 1111
19720 1147
18071 988
18717 1101
19049 1045
24660 1343
17254 886
16576 919
16888 880
20747 988
9319 459
18979 963
11731 639
15870 806
15850 783
23916 1130
14984 684
17125 850
20229 846
19000 899
4636 208
12948 627
Binary Binary
11047 478
20459 1047
18597 881
17901 837
16743 886
1770 54
13310 555
3847 192
16096 754
16211 809
11717 496
18624 896
11295 537
10624 530
16852 776
14606 632
15889 762
12949 555
20277 980
16969 780
20122 963
12768 561
17168 784
19317 1025
16908 757
14884 755
16137 836
18136 980
14407 624
17180 879
14163 768
13572 640
16648 801
20393 1067
13730 656
14244 729
15006 761
17289 865
9403 509
14308 714
12887 586
18823 893
9197 503
17580 893
19430 971
10410 493
14250 746
14599 722
9435 410
14694 631
13512 706
6285 302
6380 278
11852 564
9540 424
6526 303
15693 724
11142 520
8737 464
10994 509
5436 246
8637 408
7286 358
11178 514
5807 266
13926 662
12115 599
20803 964
8682 379
11341 532
14564 712
15462 687
13378 570
17565 875
9806 530
17217 867
17408 744
15208 651
17569 692
6825 345
14350 597
16517 647
13167 515
11852 479
13145 569
7454 396
17050 862
7853 353
14054 746
12672 676
17002 809
14036 775
8034 422
13799 634
8826 471
11401 591
12642 628
13023 637
16518 875
10733 524
14840 740
18983 1048
16395 862
7194 413
12982 640
12579 634
11606 682
10270 575
13805 718
12582 703
9296 423
9338 511
10194 592
15258 731
10838 517
14748 845
13478 732
16584 653
10275 499
6740 322
6790 279
15736 732
9937 474
15731 709
15205 662
7039 217
14863 737
20492 831
21961 922
13993 479
7063 358
11107 285
22766 819
16298 759
19384 987
12393 637
13135 592
16051 931
9772 534
10577 594
7979 424
21788 1275
11094 632
8110 484
14140 857
9769 437
10169 486
14258 768
9856 475
13410 777
16131 954
13056 758
15918 906
10800 586
11079 624
10194 585
13166 653
20003 1085
4921 250
13364 781
9405 530
10766 647
8502 450
11292 624
9395 540
10380 597
13685 801
9639 552
8914 460
15769 790
13607 788
15497 931
12571 648
12161 669
12030 703
12556 721
14594 668
5118 237
7464 425
9601 449
12178 618
12125 731
14839 912
13365 599
13232 675
10797 625
12114 603
9478 511
15384 880
9839 553
10527 546
8261 403
14505 904
7416 365
10787 575
12028 613
13451 682
9492 497
10779 579
10082 530
9087 424
10029 450
10389 638
8956 425
9573 461
11226 543
8183 441
11552 567
13334 622
14455 664
8885 472
7009 360
11054 504
8269 505
11490 651
10098 551
11448 536
18043 949
6822 336
13394 677
8879 498
13396 757
14772 760
10495 486
14225 670
9312 437
8430 421
16187 801
16730 843
11929 558
12521 666
12533 661
10326 570
12808 552
13542 635
13780 718
6449 315
11517 576
11175 551
5940 272
18095 895
7313 350
13110 645
8681 379
7340 362
17286 825
3848 141
12606 607
14194 719
4443 209
5859 321
15734 665
12812 516
12435 594
12357 479
5984 271
12686 557
9514 411
10691 513
14277 556
12718 663
9201 300
9542 392
13051 584
12683 514
5688 305
6048 256
7802 321
18306 828
11452 553
13058 507
6451 330
8512 398
11335 511
10158 518
10252 547
14063 694
16297 729
7160 345
9718 466
18859 873
12711 642
9293 333
12742 620
12068 591
14105 644
11460 496
12568 563
4148 252
15651 655
7830 386
9735 439
12172 552
10063 534
7101 297
10955 460
9930 487
16175 649
11744 604
12821 454
10294 501
13351 663
10212 442
14473 840
14245 610
10321 501
11957 519
15501 902
13553 613
14909 665
13604 713
6990 348
15253 774
8628 395
11317 484
13325 659
8842 466
8124 335
11988 559
7710 350
10709 472
7239 293
10833 548
14601 594
8542 452
11792 533
8534 385
8723 395
8771 387
13262 583
12029 593
14460 647
15645 768
17559 835
16084 773
9242 380
6821 303
11250 454
14277 453
19143 868
6589 325
11882 500
13152 523
10387 394
14337 560
18872 730
14645 671
15583 667
12937 590
15868 606
12129 553
13546 740
10040 463
10959 446
17978 748
11423 533
9721 525
18583 860
15401 645
15590 690
14009 581
11876 560
4940 241
9367 422
14065 583
10396 512
7379 405
14044 664
8039 354
10729 432
9088 392
13508 620
7961 333
11926 462
15747 678
5808 260
10303 453
6531 304
8970 387
12986 554
8129 397
14895 660
9227 361
15334 667
13446 723
12324 524
14816 587
14520 613
13298 571
Binary Binary
9411 393
10101 426
16372 649
12018 561
13274 631
12842 605
7969 304
10678 371
13949 559
14117 514
6064 282
5775 292
9938 441
15002 648
13619 616
10851 507
11782 566
9249 370
8007 400
11282 402
13019 626
10488 422
16965 647
10555 442
14689 746
8273 330
14914 683
11465 411
13174 547
5850 283
11715 437
8715 396
10649 444
8809 396
13597 624
14397 586
10586 484
12363 563
9596 369
14703 717
10766 462
9258 407
17893 621
11946 476
20152 950
8394 399
11858 494
7491 291
7874 297
11258 505
12838 652
12678 584
15236 708
11379 440
16540 667
15167 767
11781 397
15313 600
18412 883
18102 850
23898 661
15839 821
10678 412
20192 315
26037 532
30165 693
17716 534
23843 592
17795 603
21589 412
19628 884
12909 631
13070 564
15782 473
16308 775
18397 781
10834 491
13729 655
12828 597
10941 421
17653 823
13867 643
9049 406
10407 459
12624 586
14601 646
14787 682
16978 871
7868 355
14046 661
10952 479
16655 785
9269 514
16642 709
6840 290
14970 663
12557 615
14143 683
17149 794
12807 586
13540 685
12547 522
18100 841
12021 558
13900 596
9802 381
9935 428
17540 812
11088 455
8973 515
15209 761
20464 978
14611 655
7703 406
11957 527
14923 623
14667 681
10415 495
7786 337
13808 567
8565 374
13910 589
8392 317
10010 343
9155 427
5471 291
8747 380
14568 583
14699 595
17410 833
10397 451
12244 714
11844 440
9955 204
13061 597
16445 739
17110 797
9860 504
10294 447
13434 558
12391 489
4758 230
14568 735
17754 525
4938 219
15243 703
12591 415
9033 401
20478 717
20629 637
17046 683
15444 604
17309 772
15838 777
10922 496
13187 545
9926 425
19381 693
17509 781
13381 480
9079 380
22425 939
18515 707
12503 521
21729 1035
10092 431
12398 579
13787 583
11857 484
13344 457
7542 398
15230 688
14207 578
12353 674
15429 740
19347 854
11933 446
6848 304
13274 642
15188 808
10034 356
5419 260
13404 598
18110 861
15534 546
20502 711
8754 397
14527 711
7017 289
13943 605
12408 500
10477 301
11871 528
13232 541
12452 555
17228 747
18820 525
13057 425
13106 435
14547 529
7749 292
43707 547
19034 985
8365 344
14518 601
14762 603
16913 712
11886 419
17277 658
10714 551
20497 351
21469 730
6905 315
21767 684
11669 300
21082 657
19926 635
15140 483
9494 304
15144 670
19615 687
13935 546
13718 617
38622 578
2959 115
7429 293
9613 281
16767 628
22301 732
7671 295
8941 351
16304 671
17817 666
8378 304
12404 529
20832 718
20332 162
23300 801
11353 443
8136 339
6941 276
8103 215
20476 538
12698 351
10599 427
11672 491
16551 414
13850 540
15183 437
26855 273
13804 497
7498 188
16957 484
6815 304
15064 681
7639 215
14027 622
26076 637
20199 718
16505 469
16930 578
13710 464
15548 729
14951 575
16138 641
16143 659
14103 466
19058 740
24624 424
6006 233
11722 480
15686 564
11339 543
13608 523
13843 605
15699 672
13689 552
16724 719
16405 757
12005 505
15833 688
25675 651
11552 497
25859 403
22419 180
14879 660
10525 463
13776 554
13927 625
16883 843
13458 539
11946 503
15766 659
10881 489
18209 803
11670 493
13787 606
19584 894
11085 474
13582 527
9480 434
17716 790
15717 621
15085 654
13298 598
19013 688
15221 622
15821 710
14003 556
13683 539
13436 506
16140 707
11805 497
17003 474
6598 227
34720 318
10280 472
16986 582
11104 317
15717 635
10463 401
12558 473
13942 657
8743 374
20606 585
17331 536
23060 543
9806 366
19993 487
16658 389
18198 566
22525 727
6314 169
13440 483
11139 473
3085 114
9702 287
9535 420
13110 727
5753 219
11868 507
10239 336
6419 273
7448 297
42561 576
28247 310
14643 537
4175 166
26752 467
13409 341
32044 290
26152 311
30337 280
13650 268
23246 391
14246 353
14167 392
6307 119
8046 295
25017 345
21547 198
3111 139
18293 348
28914 320
30747 578
17273 368
22712 489
25222 595
3972 74
14247 481
15296 643
11336 433
13964 582
13741 459
7645 298
12311 427
18282 817
10549 407
8352 388
21468 330
23057 507
21780 756
10912 306
14627 519
15228 190
26942 528
22473 441
18254 249
8114 217
12485 464
25523 465
10081 272
16222 627
17072 656
3708 188
5158 272
31142 710
18244 389
25998 538
5724 185
17829 409
7642 150
12591 473
12146 505
8163 251
8448 210
16342 667
13331 674
16395 551
4719 222
12382 474
9549 416
15137 605
14796 607
4500 175
5888 251
17359 595
15741 666
14665 683
14153 610
11675 482
11432 491
14819 663
9606 408
11815 475
6347 259
3236 146
11772 492
12763 557
11062 446
5907 302
12335 490
11785 457
9224 350
6312 286
20698 858
9577 407
13732 480
9251 373
11393 423
15309 630
13115 529
15453 630
12844 434
8753 365
15400 671
18660 824
9401 343
11188 431
5742 246
19305 810
10184 455
9825 338
12517 526
16050 684
14914 642
9137 322
18129 724
8214 317
19582 812
12801 470
6622 286
9385 386
10858 480
7334 247
19326 810
13249 510
3991 154
10711 356
13942 657
11300 430
18016 722
4948 211
12190 510
15503 601
13015 623
9348 332
4863 227
15840 671
10683 387
14554 551
16453 598
14165 532
16380 615
11326 435
15409 690
13978 479
14484 565
15319 621
12236 469
12306 398
20199 713
18321 691
11694 435
9222 362
18843 690
5515 195
9800 219
11511 427
11146 441
12719 514
14492 553
11164 387
16683 691
14301 547
5529 261
14906 465
14148 480
11038 337
7471 337
11930 279
4216 116
24866 755
19101 526
8312 306
11991 448
5227 222
16949 495
17794 763
3825 114
14574 610
14172 541
11202 381
15149 561
14033 580
8151 302
13289 540
17193 700
9310 339
11274 431
16652 586
12185 448
12943 474
14306 567
9614 378
11151 393
19546 745
16099 619
10569 409
19665 789
12354 384
11592 361
12384 392
17634 480
13615 498
17369 471
24773 767
20355 549
12231 381
19179 593
9421 405
13883 541
13791 457
8085 259
18095 391
12042 391
15905 591
15936 617
15308 456
5810 294
14193 511
18315 626
16926 494
12912 467
18190 673
11103 458
14842 593
12501 412
12966 518
13914 604
7214 212
16967 566
13765 560
12430 470
12213 461
9269 408
24829 737
14801 522
17255 231
24752 812
18349 659
18196 641
22823 612
11767 492
6627 199
17429 594
18830 467
21889 714
25148 730
10370 390
15026 628
10110 399
9916 341
24117 976
19165 722
18711 638
35061 690
12020 469
20800 543
12575 376
11416 329
23348 665
2265 62
17752 381
12720 367
28268 515
11610 408
19928 363
33233 747
17941 742
16495 483
19637 744
9364 408
21120 732
13180 474
10254 423
20890 611
15331 587
5770 228
13811 573
21794 696
24329 760
35828 698
22881 413
26705 207
41909 582
12601 384
23676 565
41127 540
19708 512
14583 225
19647 497
23686 520
16366 546
20793 824
10093 347
5640 134
18267 624
24213 702
17765 603
11855 371
24656 557
14516 392
25475 773
14221 450
4648 204
33910 767
28952 743
12947 371
20620 463
15645 532
8255 328
14918 525
21964 585
5707 158
20354 482
26964 746
18993 590
9568 301
7068 295
14260 557
10935 394
18744 483
14118 470
20246 464
17586 605
14341 492
15951 588
13242 472
14526 578
13887 569
13916 539
12298 436
21359 827
13644 492
14596 550
13182 574
16583 516
9656 324
13961 514
19788 626
12298 398
18107 707
13856 618
7012 293
12384 447
13941 412
10263 401
9704 311
4467 201
16780 665
20335 899
15158 464
8603 360
11395 311
18600 649
9190 375
12520 535
9437 346
17117 682
17184 524
20373 361
17690 631
17800 645
27413 328
10789 457
12072 481
9453 335
10953 456
18307 529
14378 565
7735 329
11104 443
19714 791
12706 516
13153 461
10928 432
19545 888
10366 393
10012 392
9629 407
12575 275
10071 231
13676 590
10421 382
18337 744
4887 177
32352 857
37933 706
17053 403
18002 652
17569 739
27983 515
17619 657
22465 560
14264 566
22110 739
21240 892
14449 555
14645 549
13472 579
15531 694
12356 418
9331 361
17501 804
12992 542
16216 656
13161 424
14968 580
10177 398
23752 1061
8183 272
10502 463
18339 733
9632 371
18598 709
18680 729
19499 543
21414 562
24498 873
9820 394
20875 397
24959 566
16598 238
2370 80
35049 776
22257 750
26134 694
1902 44
8126 217
9291 293
11462 471
8459 356
20705 855
15873 483
11215 457
18618 653
7109 177
8846 286
26275 673
14456 483
19588 534
18209 487
7324 233
27756 765
14653 398
15279 523
18995 759
20698 837
8639 292
21137 881
23738 934
18932 821
12236 536
22244 826
23028 847
15943 577
16608 491
6891 283
15132 687
19446 758
17335 662
12307 472
17326 674
7061 284
23787 954
27763 883
11122 422
22700 949
19663 807
15455 613
18294 723
9231 233
15787 442
14003 476
18731 740
21198 720
22273 703
9426 377
15456 701
16597 690
7829 288
18977 598
15977 586
15982 714
17650 741
16681 530
12259 450
11489 481
17898 513
15172 604
13026 535
21944 845
15565 689
21720 800
13927 574
19353 738
15326 570
7194 229
21948 785
12970 410
18331 593
17448 720
20597 676
19212 648
14298 609
23774 730
26410 577
6948 224
53124 822
27973 334
16822 352
31732 477
49100 410
6502 170
39001 310
23308 130
29629 467
31974 691
14763 265
6734 146
19118 626
16639 708
15324 501
6474 215
18830 597
15701 587
14802 560
21295 781
18186 475
20057 297
14365 633
8293 229
6358 267
6878 237
32402 369
32944 591
30206 330
23705 271
18958 550
27944 747
16365 612
12634 364
15465 413
8389 162
10593 434
4873 131
24871 1071
21397 793
15196 470
13456 457
10250 386
19613 476
25830 924
15306 555
20328 683
22783 779
9027 318
18172 805
15327 616
12756 614
16097 658
7947 281
17596 609
12706 486
18503 658
15707 640
18096 759
16316 560
22691 968
19337 748
8440 295
21605 717
5438 201
7525 264
14298 392
10401 383
13107 400
12790 405
12487 346
15400 474
13625 500
21974 974
7279 291
26244 877
13370 448
31434 722
13704 514
6217 212
27583 542
6809 222
17329 620
18317 737
21227 679
18386 486
25498 691
15298 533
20062 642
15059 465
22848 711
19219 627
13010 474
17661 626
38859 844
19174 561
11877 446
19925 751
20655 651
5785 241
16126 615
9645 354
21855 584
7477 241
12514 387
25617 921
14332 518
10539 364
11126 339
13006 488
15184 501
11805 425
24393 692
13727 569
15286 467
18834 562
11700 357
19445 454
2505 113
9916 313
23733 919
16962 612
17852 708
18311 646
18964 686
16114 555
11303 383
24454 917
12837 256
20695 573
38151 685
10301 303
9027 369
10403 295
20561 294
46440 360
29913 536
22246 644
18376 764
23466 892
9194 334
29533 995
9528 258
19566 687
14546 559
21453 823
7446 236
12700 420
12830 408
24263 890
25898 974
16810 790
12103 471
11017 453
15748 606
10179 297
18505 592
15568 608
26852 524
20471 744
32029 695
26501 488
13558 250
26349 822
11619 391
14217 503
16613 686
14839 614
11333 281
15716 221
23043 629
26466 739
20754 724
18021 448
15190 320
21938 491
16121 432
18615 609
8133 309
25455 684
22088 754
17044 286
23993 609
20955 723
17341 355
10486 387
16454 829
9337 358
19466 879
9715 454
18496 699
13146 645
23794 1001
14550 517
15099 610
32977 667
34880 577
20984 762
17881 432
22183 583
15135 574
16700 581
25731 325
27033 454
30274 778
31545 312
18144 287
24047 506
34654 696
16997 509
14535 676
16561 610
5322 206
16062 488
25700 642
23284 716
29424 732
4407 204
11145 363
16821 388
23908 501
35751 971
23012 615
21483 502
36311 766
13542 524
10028 231
18616 226
14596 335
30419 680
16900 379
33120 714
38890 1033
17992 342
8521 337
19440 680
27722 678
20898 785
14375 428
6895 291
17270 695
38221 612
16859 702
9933 265
7514 261
15751 680
27604 715
14732 414
27709 425
25521 466
38672 472
6456 76
6663 115
25190 389
25039 202
35067 428
22202 170
29888 779
2539 107
28244 200
9787 338
24323 505
27555 1054
14781 561
17787 547
10238 396
18135 749
8183 256
16988 691
18541 689
19896 711
25639 774
15829 519
13633 534
8118 295
8097 301
14354 592
16656 617
10127 400
18128 729
21995 706
14574 374
18729 797
13162 330
16448 580
11286 415
8512 254
9194 356
38468 674
15977 292
32520 640
15512 326
21450 391
37911 447
35217 903
10785 269
17471 128
49526 429
42542 353
51643 501
30597 409
46544 489
34395 179
31763 430
40817 383
29913 234
5608 169
16511 511
18858 451
24119 884
25888 560
25046 556
11310 340
11505 329
7588 277
22215 538
36031 465
21961 263
25994 348
33343 493
24255 520
14423 370
8997 241
9224 376
20106 675
19391 608
1264 45
18099 708
11349 356
19722 565
19844 464
16715 423
8558 286
19503 659
23704 570
14653 662
5632 211
7921 269
13528 326
30684 582
14110 539
7494 126
12790 536
12671 429
12783 305
23175 443
12696 369
27673 605
33810 549
34068 251
26831 497
19932 430
31584 640
30152 963
21443 483
23375 556
15125 659
9972 358
19955 644
13976 557
20820 883
11439 514
20893 609
11408 298
49060 511
26681 701
25450 499
1500 64
4317 191
17255 645
23527 500
10814 412
14036 509
19294 548
11184 427
26705 690
25043 916
32272 905
15130 459
11574 433
15618 286
20251 535
16026 493
9427 346
20248 632
14490 305
20366 696
19453 783
6740 230
7372 294
17883 664
16296 419
16415 666
9323 215
8455 255
11102 344
6980 303
12768 521
15401 542
19225 646
16254 716
23889 713
22046 896
8959 283
25706 631
18508 592
31282 854
19871 362
4138 155
6469 213
21523 423
21561 475
26324 1089
19214 612
13537 337
46544 362
21887 901
17923 680
10479 456
13546 569
9409 114
18056 324
34779 746
30099 912
19145 815
11824 384
10709 448
11478 500
22911 507
23048 476
10965 540
24130 558
7335 282
14921 497
19318 555
15839 561
20410 700
18378 486
2257 63
44914 887
15447 365
17162 483
10069 376
19604 656
8998 326
25283 714
27800 469
29086 628
4544 210
12236 364
24016 553
33683 606
38316 473
41489 511
31471 322
14559 497
11762 487
23472 858
10003 424
22397 783
25276 605
15607 587
22763 793
15612 417
13298 540
23378 936
16633 649
13730 432
7409 305
7742 293
14190 437
13895 419
18830 389
3191 122
6400 247
16410 360
14976 337
41701 683
31512 379
25276 502
33328 495
15548 450
25553 997
19120 795
20595 717
11115 353
13771 376
13208 546
17331 688
25252 877
17934 549
19598 778
16280 503
14571 562
6234 223
10540 400
26123 974
25199 762
16642 599
3283 109
18567 664
9474 344
11896 402
15009 348
6679 251
5249 200
17251 543
19648 435
11750 375
31308 690
21463 531
15736 390
12062 385
8228 206
9453 279
16358 406
10368 358
19229 761
9362 286
14978 571
10926 479
26900 550
22441 711
13725 337
27428 698
31685 373
22066 597
17444 413
44948 302
38851 504
11686 371
49489 545
26484 230
7781 256
23812 579
32058 839
33744 680
21683 375
22981 451
25848 730
7564 228
13931 389
20364 427
23022 724
39517 944
3280 79
15892 363
10960 230
20187 484
18543 429
27998 776
6287 206
23504 683
14546 359
17617 643
8444 330
11366 320
11678 341
13942 428
11631 386
23148 878
41971 927
16414 201
20636 714
39186 854
31980 960
19119 430
5110 203
13549 339
10116 368
15540 566
3938 104
17543 474
22307 324
6350 145
7795 238
19534 443
25954 671
22028 404
13892 219
21510 677
24168 443
45985 499
13556 218
9408 164
44619 460
41550 548
47041 489
17437 348
40645 502
12145 244
42689 324
7643 45
39916 358
15931 497
24992 477
48516 572
32825 373
17746 236
33636 420
12633 345
22002 344
22844 339
10471 146
37061 479
35700 672
7981 187
21905 621
15266 464
22812 727
15594 526
7676 212
27735 973
10854 427
18481 679
12287 468
9677 328
16311 391
16030 628
10861 405
20800 741
23501 724
14658 541
33774 647
2162 86
24773 921
18016 387
17135 542
21439 633
13521 504
12286 452
22105 780
27765 403
18781 531
15636 438
11480 382
17249 573
29743 426
28035 367
24816 682
6337 152
19154 625
14713 444
4361 162
15592 587
18760 614
18045 668
33015 508
19575 606
11474 384
7713 309
15029 508
37979 548
20907 569
15140 253
29451 533
28879 549
33987 456
7734 239
18027 603
23748 420
9836 387
20046 353
30078 492
44349 546
12231 458
10436 336
1978 71
12625 194
26272 284
6717 183
27293 381
16659 377
29173 260
52258 317
44457 633
33657 176
33736 456
24509 443
18217 614
15851 457
14079 491
15940 539
4740 144
14607 462
11058 423
15520 432
11066 407
21212 671
21019 758
14311 467
20725 790
17105 510
31454 521
10297 292
40081 509
14468 512
24061 672
10907 343
12371 373
6072 140
27872 557
16724 234
34255 289
13553 230
52455 528
17444 128
17778 188
24329 331
5628 195
21046 770
13713 496
23908 597
14393 493
24857 604
23098 499
22599 695
20982 623
17019 598
23852 745
7797 157
7326 237
26213 581
21931 604
18210 396
18919 643
22689 480
28568 780
31587 475
13907 375
25858 375
21328 345
43128 951
17289 513
35246 608
20191 553
24609 307
20497 372
35437 581
9977 230
23270 810
8877 128
14163 387
19901 193
26423 371
27839 485
20278 428
28124 460
12227 213
15658 455
12832 293
14548 471
7615 246
14890 417
19866 353
12872 219
21131 340
28708 334
12924 251
28958 373
22649 323
11497 325
28363 393
27026 420
17885 196
6693 141
44227 279
42390 247
59813 345
5447 177
22820 481
17513 481
14966 464
13496 317
18254 532
7855 249
8299 299
9116 248
9566 222
15682 411
28717 552
7381 240
22423 555
11971 337
15139 395
13328 509
12117 389
13079 354
13606 399
14850 346
17928 338
16185 242
15911 485
12389 386
26595 445
29165 364
17094 390
25300 373
18230 374
33085 753
9023 233
8698 242
12465 305
22097 291
14828 408
30585 815
16749 326
8672 253
21156 237
10761 207
9729 140
12495 325
31919 410
11412 260
16934 315
25176 675
13551 372
13156 493
10188 290
30074 329
29361 673
10836 353
14113 305
26149 543
31158 458
8666 225
27258 387
41673 515
4369 135
12466 454
17550 206
45643 505
59384 258
42609 448
27081 690
11309 400
16578 561
19917 325
15973 617
7035 269
23939 872
23498 861
17259 329
54453 773
6292 174
15992 395
32956 402
29392 695
22877 871
14793 644
18523 598
22608 751
7618 270
18346 621
16577 587
8782 311
18297 624
23183 460
16087 584
29114 939
13661 414
15972 471
30541 935
12802 423
13161 369
34875 368
7993 206
43725 670
50139 592
18691 253
23502 489
12184 248
19724 407
53212 884
23500 447
47581 503
24517 345
10496 116
32180 708
34146 542
9379 255
14117 270
2215 44
18507 530
30994 636
10347 206
40701 438
24565 338
20534 459
7695 110
26704 659
8191 283
7709 279
15893 445
14753 414
7166 213
18568 616
19964 643
19499 620
14373 557
11038 391
18089 616
21734 631
16240 474
13416 334
22059 736
13063 497
12560 359
7340 224
18412 386
16345 308
24563 566
27969 772
15102 447
17749 344
33556 630
17893 239
20937 188
24265 568
41032 811
9017 240
21752 484
41974 570
30501 178
33373 437
25531 462
31284 398
26109 681
21837 509
28727 443
40184 659
30608 718
46068 705
17038 84
28085 254
31870 587
14631 617
8489 319
18496 550
9594 318
26911 446
12614 414
15767 428
32373 424
14775 120
25446 442
15985 250
21361 320
13452 559
18556 199
10900 215
21264 483
6980 129
29117 382
22484 327
4269 175
8458 333
27403 540
27957 284
6256 218
20115 426
17002 376
12358 398
38330 634
11515 292
58324 423
14216 212
22802 467
17571 355
27974 704
14856 468
11615 326
1886 57
18933 416
16969 383
20309 374
27670 587
28135 528
36110 241
24004 411
27202 571
12411 337
16245 454
21414 591
21228 620
21938 716
10918 408
22380 768
10318 296
11058 307
36549 570
19945 788
3103 117
16471 380
12309 380
15310 493
11478 369
8792 255
27865 558
19509 625
26442 650
56172 479
24879 655
33902 624
19421 511
18612 469
6642 223
20755 657
14887 535
14403 469
9787 377
11739 407
14006 435
17453 542
9844 352
14950 520
17595 617
16566 481
17966 566
10825 375
16309 525
9162 293
20864 611
14766 374
12527 403
18166 474
19110 489
14548 420
11317 378
24743 806
15655 464
7731 243
23552 683
9339 378
4500 147
12062 366
21117 720
20254 485
23428 404
45204 580
30884 326
31059 546
51369 787
27885 307
24905 561
22699 291
21069 373
24783 298
15794 445
45461 363
8323 206
7508 278
12139 282
35146 557
4999 162
21722 351
14293 293
52496 582
29976 496
55133 183
18675 316
61855 508
50350 544
31750 358
19778 487
20930 555
15795 583
10767 333
15990 453
16894 319
29444 498
19239 542
5760 212
11613 356
25273 806
16025 546
23804 831
21922 711
16787 450
16209 468
17694 551
13280 435
19459 567
11945 379
15017 559
15518 565
25191 534
20530 784
16032 442
12032 453
10545 443
10724 377
16386 387
11420 355
6726 280
18015 663
8113 144
13035 289
27565 610
19207 731
32875 583
16149 362
1932 74
13924 536
20163 790
10072 285
15705 682
26310 656
17451 546
17544 685
13744 368
12554 213
11445 316
13546 348
24913 709
29529 1151
20218 637
26594 758
12066 387
20819 648
15893 438
9784 359
5256 203
27663 812
18382 535
14961 385
7749 235
9696 326
14493 415
26975 639
8384 181
24729 540
23956 720
27240 617
14541 422
23194 1140
26479 1068
8281 282
13751 470
17802 865
14388 790
18481 978
20176 654
8684 399
24203 613
7171 347
10769 621
19396 525
15560 683
21085 475
8217 219
17651 901
15058 364
17169 625
23187 1086
24711 699
23020 729
10420 500
12335 329
20600 419
24666 766
10794 354
15355 733
14393 804
18220 498
11332 272
14428 526
18689 657
17940 471
30661 536
4418 140
6590 243
23691 779
11626 451
22146 478
12618 52
18054 414
19954 426
20640 862
14037 421
16452 359
12982 512
11228 277
15476 611
19564 541
11846 387
20596 715
9529 465
11534 633
10839 395
15869 792
21150 716
28481 507
10007 312
22918 409
11347 287
5610 306
40402 418
12324 196
8747 204
8750 222
15369 543
20520 540
7259 362
4838 144
34089 319
15531 430
7045 160
32423 398
27387 602
18289 325
44449 668
20298 765
22646 740
20221 474
20773 383
12576 315
8834 383
14535 269
15875 838
16058 388
18018 655
14512 317
10533 388
20856 636
17636 585
6309 185
15693 472
23713 685
12704 696
8471 315
23266 587
18009 179
20428 742
9431 475
4429 137
36001 423
11782 445
19325 454
21936 394
15604 463
14292 310
39423 456
40994 483
40048 326
14124 267
6706 291
11452 531
7804 297
24109 768
10211 294
18318 462
14224 533
21507 420
16474 486
14820 725
19191 511
13214 437
20209 674
15953 472
14931 465
8482 439
10480 391
23777 857
12843 549
2703 88
8388 416
14638 565
31028 581
20427 632
12272 568
6711 336
16458 310
20053 882
67427 456
26397 417
15169 426
15859 304
2052 54
19090 258
23782 257
19015 102
19660 427
17499 601
15968 532
8344 204
14127 434
14990 784
8588 452
18240 512
8419 219
12773 352
11805 282
10216 293
11845 451
13048 570
8499 439
8747 258
17715 264
6132 233
16550 657
19474 437
25751 515
8408 324
8283 291
15374 359
20246 518
10222 216
17086 499
21662 350
29366 445
3302 68
15905 391
8970 339
12105 568
22478 507
24270 564
24033 862
8936 344
17987 444
6463 109
27251 634
17648 362
17547 154
21027 370
28808 397
14902 228
39364 538
28952 266
15345 219
17169 477
15928 678
7924 327
16728 477
22684 611
25411 560
12346 374
20994 532
7189 179
14826 315
19540 637
23959 574
8935 365
19660 545
8070 368
20123 532
18683 485
16739 667
12087 272
17856 604
15718 519
14019 433
10072 452
10002 338
21159 430
10979 551
7598 350
11949 328
25454 954
15182 261
7257 294
19675 484
10270 429
10955 342
16445 402
14326 377
8269 336
18838 325
24896 655
11274 267
7964 323
15248 434
19753 447
18853 290
19266 423
32668 583
11346 315
3989 154
6864 314
31546 870
14044 346
9545 207
6108 219
7163 290
23073 545
16149 588
21826 648
19726 616
33114 682
16355 452
13826 391
13463 705
12805 461
7122 199
24673 504
26941 553
10413 399
12084 289
22356 659
14229 493
17765 429
6188 233
22973 488
19715 627
14148 469
16009 400
17201 511
16675 485
27310 666
16958 683
7655 291
12227 373
17368 482
11412 370
13079 233
8109 388
15281 557
39462 509
18738 534
21554 565
20550 327
19372 470
22995 512
11828 292
24243 675
25367 677
10260 321
15325 443
14813 335
12174 476
6706 274
22608 621
4901 178
7073 287
15488 526
10595 270
14515 517
14403 488
13503 393
4908 94
19050 251
10406 276
17206 449
9907 336
7879 356
27020 566
26100 414
7416 120
19720 529
10906 230
18867 512
22133 519
17607 436
17587 487
20522 647
4190 80
13721 350
11662 288
22831 381
10971 343
7236 204
15990 526
11221 339
17505 455
9770 212
6327 130
22585 255
36256 396
7739 109
21938 412
14988 288
6595 165
13385 346
53834 525
30958 523
31146 241
12610 261
14320 226
13425 366
13622 427
16608 294
29704 464
9117 392
8334 169
14852 561
7699 167
9472 254
14707 313
23886 399
12805 516
12978 284
8977 282
8332 150
14813 565
38894 430
26803 466
48217 627
12232 256
13453 340
20828 393
11429 374
12092 298
10411 382
9624 246
13454 325
40280 448
25740 427
15379 363
11771 320
12264 285
11780 364
20632 575
12200 297
11515 144
14301 349
13406 253
14290 263
22843 383
23484 343
19254 494
16040 288
20288 348
19619 513
18985 496
12126 316
21261 411
33178 482
10455 278
12304 321
9929 192
12693 279
12355 293
20605 520
13029 326
16052 571
13053 387
13375 326
25360 538
16322 353
15714 331
10702 215
11326 248
12627 435
21578 390
12337 352
18201 426
22539 383
14014 316
20134 415
42676 372
11789 287
20329 442
7093 139
11529 312
22194 276
22927 377
23174 344
33733 229
10069 169
30158 313
31652 388
17079 312
13937 45
13517 231
14110 312
67970 526
29077 331
19743 186
14420 388
30342 837
12610 206
12629 217
12697 274
13462 363
22495 322
7187 135
31085 470
30419 549
12241 290
9675 213
21236 276
9690 221
9083 356
12428 407
11834 301
15071 450
19822 292
12548 211
13405 219
22695 424
27752 332
50181 448
7136 168
20320 333
20917 380
13745 245
39964 457
11102 212
23636 449
24567 328
22487 495
5929 167
8589 175
14532 294
12950 145
27549 698
38550 625
14799 317
5160 156
14662 281
18940 436
12481 263
22474 420
13329 212
18799 347
13911 178
19763 424
22042 449
6784 174
18692 480
32489 585
10114 257
13460 325
13724 440
13493 386
6745 121
14132 326
16509 337
26986 393
21888 423
14809 333
19172 447
10159 253
14327 232
32549 494
11045 239
15445 323
10586 216
17931 357
15344 321
21507 322
12867 185
13962 312
16656 260
14309 329
35721 529
27733 402
27344 437
11986 129
23562 423
22462 494
21247 378
22924 397
34091 590
15494 299
14570 341
17763 492
30114 372
20895 388
16892 418
9293 158
23586 394
24268 493
22929 405
23383 354
16936 412
31453 454
23317 447
14471 338
10281 313
11676 288
16375 306
8327 198
21987 385
24898 592
10626 205
28797 491
15834 408
8596 281
12502 195
12991 310
20101 323
31115 503
13556 418
23925 641
9702 190
12301 200
25240 325
21229 411
14174 280
14146 386
26118 490
7387 119
12198 248
22794 458
6955 231
9054 305
17935 394
14528 366
17387 363
12100 247
21352 514
14611 236
10669 370
23096 394
21724 504
23261 466
6129 215
10505 270
23869 386
20697 388
13128 294
23767 441
14194 311
19423 450
13021 250
13810 299
12805 284
14833 276
31469 515
9405 300
11257 170
11045 270
10975 217
8585 162
24434 446
21580 272
13948 220
20016 471
19946 454
14683 260
19341 415
12909 469
16299 326
8018 166
9855 240
12703 269
22968 335
17613 237
27678 402
19905 443
16417 372
21774 376
11058 233
23130 595
25074 330
9056 187
14588 232
19204 333
16307 282
10825 270
19293 484
12177 284
15378 343
25224 373
18394 347
17327 318
10689 258
27322 388
14843 323
19806 295
28844 341
6914 165
28050 304
11141 255
16938 186
24170 347
15715 316
19224 312
26075 277
14359 225
20740 266
28533 334
13852 188
6672 91
8057 226
22911 278
16537 324
16867 205
19341 393
9242 200
23537 393
24220 380
16924 220
15204 275
9147 124
28735 450
17620 262
19300 399
24141 280
23845 324
14494 400
14684 300
22139 452
15638 272
18903 304
22621 453
38529 532
11046 234
14340 275
18003 340
19199 289
12426 185
32656 237
8831 171
20896 294
22123 226
11890 211
12418 145
40676 268
28393 409
19819 272
16369 249
14929 209
22484 331
21606 326
7989 147
31543 389
23674 384
33194 459
14525 173
22099 249
29805 280
37386 351
29384 370
14698 188
17265 280
15580 224
35288 370
14252 242
38794 423
11126 239
15551 263
27739 352
8756 114
41069 370
24654 250
14972 211
21467 311
14662 139
21239 322
17651 296
16337 307
42507 414
17492 229
12970 236
28097 325
11051 223
29341 335
6605 225
24024 481
15910 364
32232 525
17066 255
17717 357
15387 266
11297 172
11180 201
12379 337
27454 269
22908 229
15448 231
31264 351
11409 237
15325 263
23810 366
8387 166
8320 168
16126 269
32043 417
16062 240
21267 410
15811 248
25311 401
10840 195
15530 287
9766 224
7850 161
32895 325
23536 338
10398 191
12153 210
15003 247
13056 233
20710 296
9968 256
14895 216
11638 203
10539 191
13838 305
17132 143
25519 439
23805 222
31772 311
18316 243
14219 181
16097 178
13414 234
15918 209
27873 270
20121 293
15450 314
18868 221
19775 270
21565 251
20224 224
15608 178
12363 231
16469 227
26916 254
22568 223
30851 409
15443 144
9288 167
14521 228
12946 194
15568 204
20415 448
15056 310
39146 488
16508 229
6033 95
32924 317
13391 220
14319 185
16353 263
18863 174
8933 143
19340 231
13069 269
7365 153
32216 464
22334 255
19802 261
9923 160
25389 382
17957 252
13374 159
14517 230
32205 362
12112 153
14824 186
17445 273
12736 211
21863 232
15285 206
11091 230
18850 296
23046 397
12863 294
25850 409
9961 210
29122 222
16178 331
19621 250
13952 215
13373 196
17581 260
17992 292
9731 163
20540 208
19669 238
24492 288
18929 222
25664 396
2962 40
18144 300
13621 307
18751 267
12458 272
32849 423
6092 116
17010 401
17061 232
20784 305
18132 228
15955 240
13142 232
11637 263
30386 440
14867 248
16529 293
12196 146
10759 175
10521 172
20635 348
19381 349
19005 230
24252 408
16479 342
23480 463
18832 272
12131 184
9834 216
8559 184
31920 399
6903 130
21580 312
15378 295
21430 393
17255 450
10519 176
21693 410
9564 173
11248 135
13780 212
13697 275
36429 301
19152 305
31577 316
19402 413
10782 174
13624 196
28385 284
18524 332
24181 271
13010 157
19283 349
15225 228
16162 304
20638 378
9310 294
16110 403
11885 164
25121 436
23742 369
22141 282
21039 368
10028 163
20480 178
15412 235
20384 223
24432 341
29770 335
21666 384
9550 119
21169 310
31819 403
13113 194
18673 210
17999 233
20819 267
32239 458
16396 210
7388 178
20282 254
26053 304
24417 241
13273 208
15668 232
20804 159
8495 168
16812 148
27760 485
26306 410
8967 184
27286 415
12093 292
11902 192
19840 236
10076 187
17643 241
25338 382
13223 242
17335 285
19683 320
21079 323
19831 331
16272 324
12449 277
9871 172
17022 298
14733 241
20998 348
11283 144
9803 211
15702 268
11167 164
25853 349
7440 95
10761 228
7959 158
21921 324
24966 293
17349 222
15924 312
35442 622
24530 234
10860 173
15754 185
14361 169
9783 156
7726 218
16421 328
32388 481
17851 268
34110 512
17402 373
12365 259
14147 226
19516 363
36071 328
13521 210
12346 194
10454 301
12119 238
12569 179
11892 183
15942 343
11576 175
20552 406
12543 216
22754 418
21740 269
15546 256
14903 246
6740 109
14811 300
43403 330
20253 314
10770 158
11364 152
22286 395
10745 254
19415 311
14650 203
10445 171
29968 241
16819 198
16998 298
12016 159
27014 338
23068 422
16263 215
23503 265
22904 353
12952 171
18604 244
13088 245
21460 235
16564 236
26334 264
37261 395
12790 250
29739 128
41996 399
14359 241
13205 213
15103 316
10041 133
18939 437
17331 258
17582 247
13885 243
15836 287
15471 273
12509 200
17793 297
24662 230
26175 306
12955 294
11108 162
29914 262
30304 181
5520 80
9996 175
13684 254
9506 188
15643 235
30549 370
11625 235
11261 249
15612 221
26915 212
15617 197
21462 256
10669 158
14535 262
19353 247
23218 333
29715 323
12193 224
9537 252
31967 382
19621 347
14637 205
20178 281
17516 388
12967 211
16975 287
16298 222
24261 302
20864 259
20734 229
17631 253
26894 255
28354 259
28079 413
5699 87
32531 362
15659 178
20481 332
11397 227
9706 117
38367 363
12508 210
20744 232
15025 283
31539 150
29217 386
10611 179
18881 262
18544 203
17360 148
19626 274
20250 262
11516 192
21721 265
7432 130
29217 382
16872 340
19307 375
20792 333
16555 221
24725 319
13292 288
18928 462
10685 245
19233 283
22133 520
21462 342
17671 365
17043 182
18990 285
10120 209
31682 475
16616 298
18293 398
13408 331
11005 201
13668 255
16824 297
21571 241
12698 230
20223 303
27431 323
20323 291
16704 262
24260 288
31506 444
19925 352
13979 271
14943 267
9840 176
20197 471
17028 355
26627 383
7958 157
29962 496
17166 346
19095 299
19550 377
19428 267
28893 349
38863 546
19348 281
13804 244
21019 289
27578 438
16605 214
19335 338
37535 546
23714 436
14264 172
31290 366
11879 184
11509 253
13897 204
24119 414
9927 190
18049 327
11509 230
22511 374
15891 318
26514 362
34118 312
29174 491
32477 433
14667 246
20785 319
12868 261
23907 440
28894 437
26963 459
21149 316
9101 252
25583 158
24830 380
9169 144
9897 146
21412 365
9722 246
24051 425
28895 382
23852 292
15022 262
15691 275
27389 354
23394 427
20942 467
20496 463
21086 324
15841 255
18123 249
20309 327
27969 331
25062 380
20342 233
17888 330
14142 276
23409 403
9040 187
25795 494
12383 152
20373 274
22423 411
15589 290
12628 214
23958 284
8037 171
22357 319
21885 404
20195 406
19622 379
18364 307
11799 219
18079 234
13937 311
20758 230
15699 241
16978 330
22258 357
24447 266
15053 320
17904 208
20679 300
21181 378
15489 357
33283 474
16350 231
13957 262
15112 260
16574 207
24006 158
29001 357
9645 147
31632 413
19983 369
20342 288
21512 214
12316 200
12321 180
14507 249
15135 218
21092 267
20553 264
25355 254
35406 384
31603 298
22304 315
29732 360
21251 359
26968 499
21670 277
19499 272
28724 318
8481 141
24037 306
20816 234
23252 281
8711 169
18178 316
27185 426
20973 359
29324 444
24087 306
17129 271
23364 417
18924 341
41610 339
29321 299
36819 488
16991 275
16957 215
21845 335
17202 232
33724 438
22417 326
33543 504
15509 215
21612 385
21886 376
16726 223
26203 367
25911 360
34079 319
38715 196
24568 240
15711 251
14084 265
36502 405
21626 340
27522 351
22983 215
18072 216
30838 376
21944 335
37195 424
29150 435
15090 196
24087 393
32817 244
30374 199
35749 422
14006 313
18292 278
18558 263
47053 582
24859 289
20522 344
19431 196
16132 197
25329 307
30967 410
27091 222
17552 276
23929 317
19843 317
30514 390
18630 299
28721 461
25830 376
22592 432
34341 310
27935 415
11711 172
16394 271
23716 316
25527 344
28329 437
16686 286
11200 133
22507 485
15977 299
35372 606
18532 258
19008 299
13617 311
16308 281
20087 340
22565 251
18797 348
39172 400
11413 171
37786 274
26381 290
21573 243
12857 183
19388 131
16680 176
15165 142
21569 260
25719 237
22300 287
29606 217
18124 312
19118 333
15199 203
17587 334
13853 184
21593 352
40388 283
25559 229
41689 436
28465 461
18052 195
19479 336
19452 154
28561 325
15992 285
32088 535
23062 298
29581 423
15000 243
17594 307
33954 401
12708 153
10484 127
40564 437
33587 221
54960 484
14798 215
28190 502
12026 222
22024 241
13210 167
8805 104
20532 254
28289 334
16736 221
22065 233
16169 371
28754 408
50266 481
13365 173
19739 316
9503 132
16673 242
11381 147
30547 269
33234 365
31908 364
31667 521
14992 256
21629 248
15337 158
15731 173
18881 194
42371 434
32663 264
17233 299
27075 383
29345 479
15931 195
16433 230
24132 214
25633 314
25508 349
22929 212
26246 206
25606 435
34318 377
11003 215
29147 386
20048 431
12572 271
21052 329
17399 283
9876 147
33935 287
13976 307
37567 506
12946 268
12281 164
11973 224
27420 339
17150 306
17605 422
22142 453
30245 393
24271 306
10259 217
27096 366
31415 499
17505 250
17527 283
22369 350
25069 478
12066 270
16681 236
16674 255
17067 307
31785 426
8481 195
21759 319
20618 358
6999 96
19849 382
19234 315
16867 241
18915 278
14599 280
30101 276
11508 238
16178 284
32674 303
15196 266
16752 249
18358 245
19312 248
16697 222
16647 369
13402 319
22444 382
26107 362
17206 347
21003 306
19517 282
19876 264
23109 421
17572 340
14788 274
13944 205
18523 285
13600 328
40499 313
13697 266
18117 308
19148 346
16218 265
17469 226
27815 269
11400 227
18290 270
10936 164
12065 249
24969 378
44858 501
33066 435
29816 423
16411 237
18492 336
13027 269
23758 240
18387 357
20411 275
21997 379
45391 362
17423 300
19000 261
24211 261
15869 366
24249 510
25000 456
24684 436
13520 307
19936 293
30495 480
27544 379
12705 210
14082 197
24662 494
18822 343
28530 332
14899 312
15736 211
13735 261
29533 391
18093 348
11170 236
18656 314
13833 236
21279 370
36678 262
16489 223
18976 348
11202 240
16643 379
28459 432
24683 403
12312 148
22327 343
17195 375
18194 398
33697 465
29170 358
15745 249
13549 287
21142 189
18800 222
18993 167
12582 245
21182 296
19246 399
22416 393
17122 279
21020 358
11811 187
38424 262
12650 284
27874 286
11254 152
32454 378
16575 328
15674 191
8621 154
11670 197
20165 287
17262 243
18524 347
13430 309
21949 429
27455 345
12470 190
22860 253
11967 234
14453 322
17264 164
25218 370
17985 278
14912 327
14668 207
22675 384
15122 293
78285 428
17782 290
32357 341
22248 266
24415 344
25581 405
11936 171
24081 385
16645 240
12136 273
12962 274
21024 316
26010 284
19978 299
16344 253
18958 269
16702 240
19892 322
9043 230
20982 388
14665 253
20224 314
24005 387
10701 145
17199 383
29847 311
15310 250
11433 226
27920 240
48037 296
32872 407
12959 157
21418 431
23202 391
28490 423
24002 429
17714 245
15299 257
18488 372
15108 192
9521 211
29088 446
32530 305
24101 321
15001 166
26146 227
26131 406
19871 354
25675 406
12899 204
21600 218
31520 512
16362 211
21899 329
25111 275
40841 333
11360 157
19703 303
31780 143
19675 272
17634 334
18819 289
40132 573
27651 371
13163 206
11296 220
9979 119
17324 232
28071 286
18360 361
17098 339
12358 147
21984 230
15843 131
14242 174
14829 139
30188 321
12125 235
31122 354
28596 367
19083 306
7173 85
21310 339
16479 138
19252 374
29352 360
15738 174
48172 333
19839 325
23940 315
16463 251
19974 326
10021 248
17316 349
15287 281
28487 320
28216 301
24261 387
13686 169
28223 392
14421 210
12725 184
13087 315
15148 149
18990 239
18204 277
16847 248
24107 369
41058 227
23554 274
16915 201
17675 222
21923 228
20219 255
13318 264
9589 157
22635 333
13612 177
13002 180
14309 187
14034 218
25878 313
14991 274
32480 180
15482 136
45978 268
16949 227
15606 341
16323 218
23244 264
14740 240
16038 300
15269 154
24797 383
28330 192
31075 254
52980 317
13166 195
21958 301
30017 362
13789 232
8331 176
14787 145
16888 220
16663 403
13170 194
20279 235
38636 275
16454 262
17931 252
11847 237
16468 280
17268 206
27581 370
16690 297
40694 249
20382 160
15866 121
18144 347
13263 260
19477 358
14785 164
23476 389
7400 86
24726 321
19360 194
15656 252
25867 301
13702 206
17849 348
19003 207
34089 367
19052 267
31169 223
21794 284
48312 454
31861 290
13223 300
11742 136
12231 135
13825 165
36520 304
20642 330
17905 258
20804 271
14174 249
35628 349
23018 282
11875 169
20648 213
24979 275
20209 220
40903 378
15098 187
12126 189
30525 260
24575 276
15659 193
21757 277
38554 185
24121 369
12690 167
27654 422
28788 262
15799 219
10190 183
36142 413
12560 176
11537 159
11937 172
13211 237
34927 477
21806 262
13835 201
33370 367
27778 387
17529 212
15864 226
24873 222
28192 338
19449 275
16738 288
15537 291
31638 273
23865 180
20485 308
22934 279
44951 429
23176 289
41195 214
29997 208
10428 163
22818 132
21431 242
13518 109
18155 229
14416 159
37667 362
13258 199
10731 209
17242 288
17127 242
17048 156
19989 318
10159 186
19068 325
44617 342
14329 246
22621 337
12466 162
40258 70
23537 359
25306 340
16780 176
9354 133
12659 159
14037 198
32878 399
12972 253
19779 278
21416 304
21514 210
18719 294
30937 350
39254 285
6716 140
12086 212
50051 430
11464 128
12243 188
32381 400
20728 173
21535 267
19901 170
21664 320
40214 157
13942 233
16866 290
24469 215
19800 267
20523 230
14760 251
22230 365
43736 413
15332 285
22142 302
52233 286
12797 199
30273 277
17949 213
11066 147
19321 367
18341 237
15535 310
19631 315
17529 310
16374 264
28190 281
25697 279
20004 272
18770 266
16625 255
12335 234
14548 186
15426 237
15204 237
23529 349
15518 228
32127 281
16757 288
19839 313
33770 337
19992 417
15087 250
23867 378
35877 384
16747 301
22645 244
34055 229
25970 231
18087 333
35091 390
43696 346
41075 374
18301 193
25943 370
36810 224
52930 287
28347 278
35085 163
35629 221
31623 142
39182 168
32496 109
47289 179
37451 146
41723 193
33090 119
27482 142
48726 169
14521 172
28866 267
20350 184
39677 232
28117 427
25714 285
36739 392
46107 304
24568 412
24981 132
36349 386
22881 281
42124 204
36763 301
35226 357
19887 300
23855 234
20042 348
21391 342
32765 284
41698 297
20501 284
23357 392
27741 236
38896 394
37779 512
15938 165
24733 363
44213 151
25756 324
25900 414
8390 180
15754 286
22717 227
23646 302
20971 226
19533 337
17392 359
25307 398
25849 249
28053 337
24535 311
25482 344
34955 310
18462 305
21660 388
15431 287
19276 248
27816 342
19561 337
26447 333
15398 273
18321 248
16438 249
22043 275
22328 314
46344 238
23145 342
24769 450
36179 249
25342 312
14339 250
24023 322
26899 437
16696 269
24624 352
17772 181
20414 284
17196 235
21174 291
20060 267
23656 273
52609 321
20028 244
23148 295
21215 319
22999 319
34884 338
19890 261
18827 276
29551 380
25419 292
28181 447
26619 488
16645 260
18786 207
9370 114
39688 326
20969 246
41748 291
22682 390
34359 414
36020 306
18044 327
24458 385
25496 349
21256 325
18259 292
24468 277
30996 313
18987 281
33891 416
22213 363
19936 251
19759 315
29946 322
21435 389
27311 319
23480 255
27280 356
47143 216
22119 273
17694 224
30333 372
16898 328
24029 390
13676 172
20689 338
42990 425
42545 523
12432 232
16272 279
21106 281
42498 352
21944 342
31475 390
29365 475
7744 107
23804 275
17153 259
41051 487
30581 311
18195 265
27931 345
16041 273
44286 465
15374 255
30005 319
47947 423
19127 295
22835 247
33776 355
30057 299
11473 184
14739 206
28638 361
31240 349
11149 164
14917 222
21710 347
35667 485
43783 428
20009 249
40300 205
7832 92
35074 271
22926 232
24620 351
19823 399
33321 389
19768 371
64890 276
21628 345
22486 341
21978 271
31084 311
22736 327
19421 309
58789 383
35527 410
15147 221
30364 150
16705 230
13700 261
30603 225
33609 279
20855 273
29888 368
23667 255
17964 243
21952 314
22101 257
22669 398
16174 272
51843 396
35440 307
21471 393
26289 257
56956 503
14026 172
33542 377
40577 331
14126 211
30063 369
26874 402
29455 446
21156 353
25964 338
18753 298
17424 269
18993 309
28285 306
35142 323
34308 332
26688 329
30018 456
24625 314
12848 213
36873 494
29089 424
21343 275
30457 352
36226 403
53509 450
45045 337
26100 364
32558 449
50805 345
43361 355
16598 248
23687 329
20460 271
31101 327
49311 344
28619 393
30181 307
15960 285
17681 299
12949 211
18930 257
18026 328
49242 375
22005 344
36119 318
51223 391
42503 404
29028 315
39309 452
32855 299
20868 322
38585 487
10686 182
21624 255
33050 299
25615 287
38123 358
17884 283
25657 357
21108 220
45081 598
22664 180
32111 349
27856 242
22686 382
19200 272
43250 450
33108 272
18299 308
22273 358
46459 394
46243 282
30115 386
29324 254
33143 482
28122 384
31950 483
12594 195
20986 313
13698 162
22580 229
19162 271
26363 265
49735 353
17068 330
12520 217
17829 304
13647 155
44501 432
49304 363
46751 546
40344 276
36376 497
21185 477
19820 293
17952 311
35794 437
18495 279
13975 216
27281 354
22293 391
52699 473
51783 403
22908 328
29710 315
33387 363
14077 232
33262 181
24030 387
18895 294
42989 402
13964 252
39669 390
17313 263
13861 279
20275 378
32600 298
13077 181
26950 323
20930 264
26268 484
31953 323
19284 277
18624 336
21190 349
18207 278
28396 352
14412 241
23951 335
46650 354
25386 375
15852 236
60375 458
32099 439
20701 254
22942 380
25856 359
29997 253
15074 201
58314 389
16400 240
21222 405
25010 278
33143 294
35981 302
26696 249
29659 234
31492 379
31804 432
8826 152
17576 339
23800 269
22348 220
23002 309
21393 284
16705 270
69819 351
54128 416
23406 357
46977 296
24832 399
18210 276
21050 308
24767 297
20840 278
19414 256
18740 308
34547 414
34649 336
25888 362
37636 337
21948 266
35145 360
31359 260
31732 389
24663 396
21291 317
14670 249
58921 383
35938 329
18436 280
31755 308
27874 335
42762 305
29348 336
28428 413
34234 418
12570 239
35951 119
38946 578
18645 278
31017 486
30557 397
33901 382
45142 254
51079 419
16100 247
15197 215
19277 332
24455 260
24079 273
21300 345
27785 283
30096 508
30224 406
17690 230
25493 356
73548 375
79402 552
19978 299
19233 329
20676 271
29261 293
25352 292
22229 264
16616 276
16126 297
21997 281
17440 208
29749 377
16804 255
23046 245
20982 384
33854 329
65303 348
30210 212
36128 477
19944 291
44250 324
25017 219
16545 197
31780 417
25838 282
32837 213
17655 270
21041 297
16340 240
23085 191
24068 213
18693 210
33926 378
32289 332
53162 433
40322 343
12471 135
10855 144
29446 366
61680 358
30963 411
44478 126
17587 213
30008 257
24266 319
20701 258
21350 319
60977 341
64042 226
42911 338
22261 287
19006 260
36033 245
42158 339
23725 357
11339 179
24284 358
50070 198
19903 301
51768 489
23287 319
44669 291
27642 352
17961 239
28509 184
30075 343
11487 186
23765 327
20065 228
58565 392
61166 194
20222 313
53741 291
39884 337
29166 218
50041 211
18263 246
29428 284
63819 527
13189 207
27666 277
20982 197
19675 353
17082 193
31036 409
74135 418
26121 191
18909 267
20034 283
49457 396
25523 383
39610 206
29360 422
26680 285
16695 200
61223 539
23865 195
23472 335
54495 254
18430 274
12454 247
26258 272
33156 344
15494 274
29697 363
39152 245
25566 322
25815 369
35085 316
25857 398
28786 194
33040 336
22585 352
21826 257
21194 349
23289 229
17004 254
43356 509
12293 180
21881 340
26779 216
62571 324
37032 286
50951 429
36986 231
36267 419
20727 282
25897 238
25340 360
23006 252
25544 378
49301 152
22077 275
43014 497
54346 256
53372 332
41611 364
28555 205
32920 259
41473 345
18811 263
44166 134
17153 196
21412 241
18793 266
71672 195
31612 412
24583 204
31403 331
38350 275
31390 304
53790 226
39701 356
30607 253
25207 202
18199 257
22366 296
20386 290
33051 234
28790 243
12431 172
28025 328
39208 273
34389 211
58555 62
22597 331
23215 111
29127 177
33895 326
20641 226
21717 242
31454 99
32009 119
22914 209
39862 104
21280 211
60123 81
53000 222
79699 351
66453 235
27110 177
61763 160
40205 99
58584 339
39516 279
22320 158
28312 280
41789 244
30254 209
44405 207
48058 258
54638 206
21675 114
23683 192
25711 205
42796 298
39724 357
51004 337
42981 310
18156 141
28367 307
73061 192
34271 225
15457 200
16922 192
96679 291
32129 341
33293 292
23369 250
23663 211
44243 343
32718 315
26080 262
19707 255
22809 203
25190 194
40279 318
57291 456
46326 342
34202 292
25399 94
27208 286
33376 184
36002 319
17496 245
46964 286
12001 172
39745 316
33000 407
36001 371
25330 298
68817 392
31968 296
23095 198
24460 163
43422 314
22342 274
22648 328
56821 544
25076 199
40777 328
41184 331
25847 329
18341 263
51218 364
23590 414
27925 329
40755 357
28872 289
45328 315
53215 296
36505 300
17853 263
63051 445
11274 127
26066 318
18544 288
75114 179
53465 421
36185 400
21044 269
64793 280
25239 160
34241 349
32635 346
20952 391
55711 442
30258 330
31181 335
76843 453
17704 232
29333 289
43452 131
63005 254
Binary Binary
46537 266
21200 240
22800 254
34905 339
6399 74
26142 227
43709 244
16684 200
15484 246
43269 331
16376 214
25057 239
47454 245
23895 300
25824 286
23554 271
56789 297
50080 306
27654 273
11306 190
41777 191
18857 165
22646 220
12281 224
13863 161
34325 208
17894 190
19573 354
35310 337
80330 168
21202 214
34938 240
13861 237
37879 287
20207 242
28277 220
36722 211
25578 258
40769 193
52376 391
22047 192
27062 280
47288 393
29585 151
60461 296
16825 151
14323 172
57250 146
24901 156
50695 140
17054 268
48616 202
38105 380
51194 144
19128 226
25062 206
54413 407
16370 242
25085 308
14620 136
39396 295
41361 257
26955 245
47102 362
54302 236
13191 232
15148 171
28259 304
20760 250
23682 198
15634 214
19004 277
36693 235
50165 334
19455 195
14916 216
40683 203
10749 133
56355 364
21277 266
15981 123
58545 331
53435 287
11729 143
32374 158
25661 253
20160 225
16993 298
40726 334
18424 253
19277 168
56988 338
24462 258
11115 133
17638 283
48549 91
18423 292
16429 234
52569 261
28112 278
18614 259
51248 405
21550 212
60303 212
58367 399
27946 289
48011 388
37075 385
34386 221
54411 225
20342 328
15568 284
16776 159
31003 234
33633 291
49710 293
17887 239
58697 352
28819 272
27398 292
18076 229
44094 325
23023 288
83494 225
43337 274
25008 195
19641 259
24665 241
16790 147
44649 182
23834 261
19381 247
44127 353
31397 335
14944 164
14476 111
20582 184
44115 224
21460 290
43900 309
62741 248
53243 267
11313 154
43778 217
43451 225
22510 287
32011 245
90925 376
27358 265
54759 163
19807 131
31951 330
52818 226
31966 244
17406 236
29647 208
36293 132
34827 239
27326 278
51689 266
14605 157
31380 184
39636 369
65355 329
20229 307
60807 355
34515 236
75776 311
41439 205
16299 215
41897 278
22449 183
38627 173
28253 301
33599 229
64511 290
36720 170
9642 114
20717 300
48691 168
41094 316
59320 234
38775 414
26131 165
50501 272
31428 279
19460 202
Binary Binary
20287 270
20617 176
51827 349
18328 207
62487 165
68419 457
15410 198
34423 94
32058 372
15027 217
46133 147
29816 299
16372 234
21059 227
15697 220
22353 254
45020 289
45203 480
41145 186
33303 262
21720 236
41304 397
35808 248
34180 317
21213 230
24573 355
37141 332
57670 111
15251 199
29302 381
15285 265
31434 379
72092 395
23975 350
34206 249
59647 293
43746 220
33804 278
43500 236
42277 436
20707 309
26310 281
24931 245
40461 415
19762 242
49818 139
28699 225
14908 142
29711 206
22866 294
20018 190
6794 55
47475 155
23522 307
20982 222
71885 254
29180 362
28796 295
70009 316
24519 271
15759 177
37434 203
15919 251
26264 187
23489 187
22336 211
13100 168
15360 258
17852 260
27792 245
49394 281
45111 190
71424 340
30901 238
23882 245
52861 351
31470 254
8928 98
9534 110
26607 246
18481 190
12334 143
19332 213
23811 157
30231 303
29517 229
15924 234
38465 467
15282 230
37081 430
24222 179
11532 174
34554 149
12904 167
19506 279
12388 115
29759 206
21847 221
24241 227
18537 238
15488 234
8372 86
46281 402
22339 160
41533 250
29533 206
27086 249
19980 279
22653 234
28528 226
23766 289
7928 73
17094 163
40402 246
47486 383
27573 370
20976 221
32530 136
23460 182
20476 251
25841 374
32197 325
17217 177
28604 240
13215 212
18027 233
67438 417
15332 183
13555 197
39943 85
30034 227
46080 381
55547 275
20805 295
17193 195
26449 227
5688 85
43230 375
15157 169
43035 266
21567 241
31183 257
28389 293
36617 203
21112 239
32298 278
52223 418
20774 202
20865 283
21632 238
9476 107
31689 129
35015 145
40725 133
43965 402
18013 164
37913 394
54096 98
22101 197
18172 152
41288 317
20150 221
14462 200
30890 374
27931 274
28442 204
50575 264
10750 176
20658 202
72336 330
17579 213
29823 348
39079 269
29670 229
40054 375
9701 136
42098 341
70456 197
33347 366
14858 199
33261 351
19791 180
46814 275
55901 252
23260 281
23927 281
32883 214
49060 268
36567 237
13020 158
59856 337
40991 352
24505 261
38101 121
15860 195
42752 320
82876 295
45133 318
11574 120
104938 390
26551 253
16439 200
17746 203
63762 181
16179 176
32264 284
46634 289
37395 270
58771 354
31120 293
17402 234
7907 137
19471 205
27288 177
25031 185
28189 216
37226 367
17724 184
107087 283
70871 267
59827 339
19441 189
26020 325
20329 287
31183 177
27366 160
47444 361
33376 259
17350 154
25329 232
31889 291
49229 443
17550 222
24185 214
30057 276
42098 220
24379 178
59105 411
18139 190
69201 462
46793 100
60416 332
103444 231
21205 296
7896 84
24541 266
14266 173
26037 213
17754 214
30755 267
15513 191
30426 290
13142 153
33223 290
16773 275
26829 279
39590 341
19897 294
24312 280
57569 341
11550 179
47255 379
24232 210
19160 252
32921 207
13041 158
26315 239
17078 264
29287 197
16595 198
18722 234
19054 184
21488 174
41793 290
55762 296
40877 363
39138 338
89508 287
18742 213
82160 307
55670 308
23450 236
26264 261
15640 191
22597 188
17444 201
24656 260
24323 274
23985 243
19130 274
37682 260
17216 195
35218 349
18574 232
56994 261
26893 297
42814 365
25417 248
84004 385
15733 233
20319 212
27552 298
41674 290
21958 258
34873 357
84318 315
22810 292
24104 257
60307 342
65926 397
36357 238
32243 294
20429 206
23508 287
22482 203
12313 141
35552 217
23622 224
45094 278
34308 235
15255 168
40386 395
21277 264
24934 253
24738 243
63858 238
27582 263
11587 139
78233 349
57333 205
27895 276
48945 395
76603 420
38330 280
24880 257
23914 232
26987 238
27260 284
32524 209
22274 225
24143 322
42967 320
42946 278
17244 210
12152 137
27186 227
33450 397
20273 209
34965 293
31808 309
27452 315
19784 157
52238 296
18014 196
12719 154
82452 292
17686 168
33981 184
29703 370
41552 326
39634 271
18533 176
33362 310
15948 164
43025 266
18816 195
46556 386
18718 189
11931 80
21988 197
43723 515
23674 213
30730 253
39855 304
42332 197
45184 356
56655 256
60575 274
20787 179
55904 235
22316 205
21674 238
35051 237
28794 238
45008 225
25517 293
22362 223
28153 253
45661 88
35177 257
16489 242
28077 257
25595 215
59991 340
12474 157
37525 291
32364 333
29124 288
60898 473
52644 171
40106 326
54199 304
31641 276
36348 293
29559 299
38714 123
28838 210
20600 226
68446 265
45170 274
52516 296
57818 282
16877 187
75937 178
50021 311
11006 165
32674 203
20889 249
31594 353
20506 184
55493 275
42854 71
18484 239
43966 192
92456 203
15136 160
43504 284
37370 320
21398 271
45618 166
40729 296
44135 348
88890 300
15003 155
69728 273
48299 277
52194 260
20956 170
32856 304
29223 255
17297 212
28867 222
58322 412
23045 261
46873 291
37835 336
43159 317
52427 321
19506 170
41627 276
34624 190
22961 237
13930 211
22609 272
26901 267
26352 243
27414 241
33562 301
50140 331
16322 134
57000 293
47259 287
29672 218
21201 196
46312 369
27014 324
17602 199
62576 275
39764 275
30195 295
23551 227
53520 318
33568 223
13859 169
21956 206
27066 290
15828 193
36635 315
56303 341
70467 405
46841 371
10711 143
50235 267
41247 296
49091 289
34809 260
21219 236
27112 243
46522 184
67642 288
20308 208
33483 287
31732 200
51955 424
73706 430
17293 242
23388 241
32332 185
60322 470
36233 128
39882 199
12824 141
16652 177
46367 247
20121 146
34902 195
40952 275
40030 377
40135 349
20455 179
30767 169
46681 335
99621 163
17620 163
31062 217
38403 337
67256 216
32602 353
35337 205
54627 230
23855 152
27041 103
48862 363
37543 387
24679 245
39865 392
55838 346
28103 66
52392 304
43182 360
42785 261
36211 308
47015 51
54273 328
35890 262
55807 263
24233 309
76450 221
40027 259
33974 40
33497 270
34883 278
89889 249
69210 458
41299 53
47533 282
30621 229
29098 289
28149 231
52532 57
32354 280
40866 250
126786 77
31824 281
57993 52
23708 256
42445 264
61952 383
58593 376
49346 199
38171 278
45771 301
31427 281
50730 36
23907 195
25091 262
55567 250
20709 207
29807 228
62619 207
68212 189
86565 300
30300 198
37696 247
46612 400
25659 303
24215 155
21185 252
49464 309
131967 74
28241 243
110455 73
34936 226
34710 170
33358 296
56001 100
32555 229
64993 366
28695 225
49294 199
23807 204
31639 284
18682 253
27149 277
28206 205
51070 205
59854 381
48004 353
152881 93
75441 25
51660 30
29085 255
73264 328
45151 209
42621 207
35223 272
134008 61
48379 285
42493 278
35552 295
70946 21
38832 269
64692 234
55665 242
72072 107
69743 106
82693 343
59449 138
51254 238
39469 177
49315 340
92962 41
45203 236
26381 164
71056 165
38552 243
108270 74
49885 236
44935 274
29327 222
30040 228
40076 157
146252 81
53020 291
43336 219
54852 230
103840 70
90240 183
34067 236
42335 221
47989 247
29381 257
53686 45
49007 197
149390 88
46872 267
31542 201
193617 75
51988 277
66987 323
58047 279
74437 168
47423 71
47008 85
74377 237
57867 142
35663 187
49416 180
180922 81
38680 232
27825 134
35924 151
83756 225
59702 28
27979 101
57281 33
137020 67
156920 83
68204 27
142336 73
188595 85
118149 17
117151 83
90247 48
114974 55
125805 66
61036 28
122937 21
46415 29
118422 58
133232 58
71158 45
177490 79
93310 55
62615 46
75126 50
77992 41
82631 49
73542 50
77086 15
68204 27
92153 53
92174 49
134881 55
73858 63
98323 34
81182 56
92962 54
106614 41
55431 38
182013 65
79799 52
123656 44
113667 46
59540 42
97102 42
70579 14
59393 33
136005 20
70456 23
93884 31
115198 61
81821 18
86101 55
62674 27
134435 77
79663 49
131537 75
170419 108
90607 50
202760 38
67732 34
143484 65
102652 68
90463 15
108468 65
159658 73
67051 44
82703 31
117095 57
88920 68
171252 56
100311 73
208267 55
100615 39
165125 82
108087 50
148262 41
211658 59
113992 60
118770 67
134412 60
67744 28
116821 57
73467 46
91690 41
101435 39
66775 46
194657 116
148327 92
324138 139
92521 57
169991 85
78981 44
203972 84
133184 34
70300 12
79332 60
121441 62
84065 61
112986 58
137857 26
70461 49
74289 31
101630 32
168226 69
187727 103
155995 75
131225 73
136311 126
108455 221
78809 183
59519 199
102970 220
142086 49
89995 237
118531 216
127056 164
119860 149
122208 143
113636 130
95682 154
71517 194
131898 57
68660 35
78447 13
110327 52
116674 57
214959 95
157521 52
159661 92
166171 73
198638 89
268264 68
117625 60
196879 67
140719 21
110001 52
220372 106
323945 174
143416 68
148078 64
120994 25
135769 39
146029 47
822114 62
175100 5
661965 89
573624 64
169050 32
110630 12
152919 14
168193 12
155595 21
151695 18
837367 93
164205 17
163418 10
159654 16
360936 38
261997 22
90159 5
832646 78
627783 52
775168 80
134575 11
132297 11
193817 14
109113 226
804229 95
806509 83
168044 10
152390 15
170978 13
192473 15
469933 38
609414 54
857170 89
514704 73
929819 67
780394 69
679981 68
864409 146
689039 180
773460 106
918624 127
817383 17920
750293 216
898489 159
867891 201
970357 167
848257 230
740164 210
775225 5727
815277 367
862387 320
782164 15339
874981 310
786502 350
664669 211
874290 385
928837 279
731896 342
745494 267
787118 200
930964 221
643338 155
878344 182
512999 81
694193 99
419374 58
795553 161
843449 173
498283 90
370553 51
525601 109
706141 127
892694 153
772881 165
577068 93
399998 73
657529 150
646129 129
704723 164
720513 147
611321 143
353289 61
38534 3620
34402 3189
34404 3245
30391 2933
36063 3424
34692 3396
40586 3552
39927 3618
30454 2892
32629 3038
9894 689
19444 1329
8493 612
14328 1133
15268 1060
12567 933
18345 1115
6264 491
14806 872
19078 1072
14065 612
13029 553
11398 513
6549 321
13659 646
15063 780
7492 304
5438 212
2153 71
9465 422
8434 352
5415 232
6158 233
757 37
4286 162
5935 255
5121 207
11779 442
4113 171
1727 77
13673 506
5406 210
6308 254
2292 84
13284 570
10028 415
5730 208
11755 390
11587 360
9306 340
3691 113
8971 302
2413 63
3248 95
5771 159
6654 173
4649 126
6281 157
1311 27
4142 84
3822 76
6674 225
8034 195
6784 167
6620 142
6876 177
4147 94
8414 158
3500 73
5131 210
6608 189
2074 52
7170 143
6160 144
10837 278
4518 84
7376 182
4918 125
4613 118
7276 144
5611 96
7597 166
7537 259
4411 137
6796 177
6450 121
5441 89
4309 90
7393 169
4496 95
7793 135
1860 45
7519 298
5247 124
1712 32
4988 108
6011 116
4899 98
9327 164
7171 177
6023 91
2438 29
6808 144
1492 30
2809 52
3441 76
1597 45
4661 85
7987 138
4718 110
8676 249
4266 95
4785 80
10059 196
5405 113
4627 89
6348 137
4423 77
2211 42
7727 152
3654 72
4915 91
4514 86
605 9
6940 106
4031 54
647 7
388 14
415 8
5837 98
3302 52
3966 86
5627 86
4794 97
7513 157
1667 31
4774 80
2737 39
840 21
7302 124
497 11
4643 87
9889 163
4829 70
3415 28
1278 21
4211 68
1178 17
5292 82
7288 120
6365 118
9449 213
3576 50
5771 114
2937 45
2782 60
5712 138
2391 35
5916 87
4266 97
3720 83
7582 152
7648 171
6424 114
1460 33
5408 90
2088 27
4110 62
6950 155
787 8
6642 116
7998 137
2867 54
3522 66
1955 39
4517 92
5328 89
8400 181
1969 26
8453 165
9066 189
2390 37
5047 89
5475 102
1113 24
4722 88
5979 113
2695 53
3990 67
3016 48
5374 59
1504 28
3386 57
5292 84
7294 101
3804 62
4133 68
4021 64
8977 190
5433 90
7208 125
11404 201
6953 120
4910 89
7041 142
1690 34
4550 83
6732 88
9686 186
2331 34
3890 41
3242 46
8319 135
5436 86
7276 114
1640 41
2244 27
6829 94
3721 62
5776 83
8164 145
5693 76
4377 51
8381 168
5360 83
2985 54
7451 122
2948 33
3132 37
4731 63
7418 118
4477 66
2287 22
6168 92
1010 14
7955 149
5213 95
2746 51
3945 44
6744 85
2951 43
4024 66
7078 98
2526 49
5338 79
2252 31
4120 51
4840 67
3854 77
6990 111
4248 57
3564 17
4782 61
4130 35
1010 6
4136 64
6114 66
3670 55
6992 107
5021 62
4438 79
1186 29
7047 82
8320 115
4481 52
3588 38
5562 42
1502 19
2140 20
520 8
9837 125
1135 19
7524 68
4207 40
2094 21
1094 12
4129 30
7172 85
4754 66
2446 20
1613 8
5717 52
5263 56
6081 76
3457 42
3620 46
5509 66
3167 27
8911 145
4649 53
5132 65
1677 21
1769 28
1401 12
6303 54
2413 23
3931 41
5091 41
2011 21
1059 10
3877 30
8645 107
6258 81
8440 98
8708 97
2731 24
5678 61
3772 43
4651 53
4563 47
3098 23
3244 29
2252 28
6239 66
2433 29
2495 27
8441 138
5119 59
6198 85
5031 69
1707 23
7567 117
1322 21
5609 93
5778 58
2359 33
2555 38
1121 21
4222 56
4288 49
3751 39
2190 17
5678 62
3063 27
7884 74
3769 42
10163 119
2934 46
5915 58
4842 46
5060 67
6880 63
3396 46
3019 38
2800 36
6950 71
964 14
5913 76
7945 78
4468 62
2245 16
4380 38
4041 23
2678 16
1764 11
2189 23
7825 80
4122 43
2286 25
4839 55
4138 32
6530 46
8037 71
6085 79
3225 25
2890 34
6715 71
5552 57
1113 14
4534 45
4621 45
4017 53
1323 18
6295 53
3602 29
5781 45
2304 23
1683 10
5596 68
9739 82
5768 52
6797 62
5495 69
4452 49
4398 45
4955 53
4977 42
5772 67
490 1
7045 70
3971 32
4551 30
5227 48
4112 40
6884 71
6045 78
5964 80
3652 30
3747 58
1562 19
4791 57
6048 88
3756 37
2686 36
4198 33
8007 94
5377 78
2543 28
2939 34
1311 14
3153 31
3970 44
8907 91
6118 46
5657 48
1238 12
5748 40
1503 21
3892 46
2816 24
3358 43
2087 32
4360 52
1652 18
5565 35
501 5
6567 60
3171 34
3645 26
2790 11
4791 38
3202 43
8603 101
6938 49
6291 68
7866 90
7195 91
2085 28
6877 75
3798 40
2561 26
6806 74
4692 43
6690 63
3764 26
3888 38
7085 39
2917 18
3971 31
5242 33
1624 14
2178 25
1751 14
11819 65
3474 24
3490 34
4952 47
2823 40
4094 39
3951 24
3351 22
8750 55
3349 28
5998 26
9770 62
3914 26
1423 13
1821 18
4247 45
3620 27
3935 31
4422 45
5352 47
6444 46
3231 27
3473 36
4267 40
7205 70
5747 69
4350 61
1729 20
4463 42
2460 27
7923 93
7136 72
1171 9
6702 57
1655 33
6459 45
544 9
3886 43
5823 45
5323 47
3223 38
4553 40
8547 97
3849 39
5233 58
5667 49
1702 18
2865 34
3657 38
4472 70
5083 62
5996 59
5703 59
5423 54
1663 18
1160 9
5005 50
4011 41
6252 70
7156 83
4036 57
5312 63
6845 62
4395 43
3920 47
3949 56
3963 35
3264 46
4981 53
5209 64
3447 27
3526 30
7035 67
5427 70
4965 45
2403 27
7233 97
3572 34
3214 44
3459 38
5809 45
6312 66
4350 21
5068 61
3552 39
4697 42
3490 46
4755 40
3139 26
2087 12
4103 54
4749 68
6441 69
6199 54
3851 39
7613 76
6495 57
4192 21
4430 49
7493 71
3088 22
3610 37
4232 36
3019 14
5186 62
5820 82
3094 38
5767 44
3519 54
4970 43
5707 54
4560 42
7117 67
6528 65
1711 18
6291 57
7127 90
4702 35
5841 56
4216 41
4262 44
3698 44
5326 54
5784 64
5376 37
3818 52
4197 51
3100 36
9601 87
9584 86
3720 22
7380 71
10197 83
1253 16
7187 80
6790 68
6552 74
6634 45
10108 70
3871 43
2379 30
9383 84
5894 39
2967 24
3895 41
4921 29
2315 21
2851 20
5919 58
5568 53
3100 19
5915 45
2941 20
5850 49
1753 18
4031 31
6427 56
4285 33
3840 20
3320 35
6046 85
6590 47
4454 31
2367 21
4834 52
6731 79
4863 46
4526 49
6870 60
8005 81
10629 81
5854 43
8074 68
3609 44
2578 28
7375 53
7692 73
8842 76
4296 32
2535 31
2438 27
7924 60
4887 43
3313 23
7910 56
4107 45
9188 49
3480 33
6874 58
7000 76
5871 28
9810 54
5166 29
3840 25
11008 96
1853 9
10377 97
5899 41
6504 35
6357 49
970 10
6536 62
3275 30
3061 23
5596 35
5797 34
7751 34
3785 25
6255 49
3194 24
8849 40
3770 34
3733 35
5518 20
4257 44
5772 58
9672 49
3548 30
4549 35
7110 38
5924 40
4420 36
7025 47
4197 27
2608 23
3071 31
2616 35
3327 26
3133 24
8512 46
1423 14
5536 32
3923 19
3970 24
2123 5
7632 44
5018 30
5869 39
5700 32
3301 34
3399 16
5128 37
5809 17
6163 32
6532 50
6816 33
1478 10
6690 51
4094 37
4448 41
3435 34
7613 54
6431 53
5930 44
1365 11
8368 57
3373 16
2269 16
3998 31
10452 75
3723 18
6652 39
4335 51
4340 32
8170 60
5326 37
9186 44
8859 64
3921 27
8205 32
5613 49
8426 48
7513 35
2046 12
6606 34
5734 16
4498 36
8501 66
6105 54
7943 43
4529 22
7025 44
3210 27
3739 26
3951 34
1238 14
6793 55
7625 30
5961 45
5193 57
4177 26
6738 48
8166 84
3608 27
4790 28
6186 71
4367 45
7067 54
4251 31
8516 90
6021 64
4503 42
4726 24
3747 28
6252 50
5629 46
7361 65
2057 14
5188 40
7219 65
7034 49
7397 57
5681 43
7116 37
6486 68
4801 30
5174 40
7927 55
6674 43
5663 33
7511 55
2300 17
3319 21
5863 25
10201 62
1992 8
6321 40
6025 35
5196 38
2547 12
5947 39
6710 54
7846 81
3773 29
7049 78
4583 29
5710 57
7594 48
6622 55
4498 29
2415 8
4166 22
5170 41
1755 5
5092 43
4694 50
3468 14
3933 34
6521 48
7547 20
7684 24
6632 56
6525 29
5023 23
7615 48
8251 38
6612 37
4486 21
6023 10
6881 37
10352 65
8884 64
7197 39
4997 30
6710 43
8047 48
6590 51
6650 38
7425 25
9194 57
7063 51
5666 20
3826 31
4752 13
4303 27
4046 23
6201 38
9186 66
3419 39
7315 45
11316 58
5383 28
5527 44
3703 23
5674 26
8325 63
5994 45
7534 30
7423 70
8766 52
7302 51
3358 33
7708 40
5508 27
3938 33
978 3
3887 27
6271 46
3325 26
7946 51
6868 48
3157 12
5578 30
3231 27
5479 37
5838 34
4015 24
4649 36
3896 17
3067 19
7105 51
8751 83
1083 10
121 5
4084 39
9347 45
2409 20
4581 24
7199 37
10698 85
3740 17
3684 41
4475 35
8473 59
8913 60
8827 62
3855 28
5022 37
5948 60
4760 24
6454 65
6993 75
8915 59
8582 38
5668 45
5625 57
6099 79
5553 31
7235 63
5472 70
6263 51
5021 43
4710 46
4065 14
5359 57
6856 47
5681 40
6680 27
4720 27
7929 32
6958 19
3385 13
3415 34
3073 22
2995 22
7932 87
7832 41
4417 48
7664 35
1843 11
1843 18
6236 57
1712 14
12754 73
1833 16
3891 35
7746 53
6638 50
3930 41
5801 31
3958 28
8535 89
6302 41
4103 36
8320 33
6686 44
6031 54
575 6
6560 39
8098 70
4966 61
3294 27
6543 31
5174 9
10983 51
3985 30
5164 37
6424 30
8223 36
6131 24
4790 34
5500 29
3032 15
5771 30
6183 26
5393 49
3079 14
7283 39
6151 41
7650 18
7748 55
1994 26
7340 39
6039 14
5997 28
9453 76
10005 44
10588 94
7421 23
7301 54
9998 49
6713 29
12404 42
6518 43
5145 24
9177 45
4108 19
6315 45
6833 34
5821 33
7194 63
6702 33
4520 27
10896 33
10892 74
4711 23
6617 33
8717 60
10027 22
6610 46
3024 14
4953 11
5465 41
1766 16
3815 27
1297 9
3847 18
6520 52
3407 29
8162 59
5666 25
3054 10
5765 39
2063 19
4343 28
5147 42
2539 20
4513 46
8390 43
2553 17
4365 30
1728 6
5109 38
5664 29
9520 87
8030 65
8448 37
5443 17
9684 29
13754 66
5355 29
6088 31
8257 29
2816 12
13195 83
8686 50
6431 33
8599 49
5062 42
4746 28
2366 19
5787 48
3305 18
5832 21
9191 20
3602 11
3847 23
7406 29
8634 31
5995 35
5213 27
7676 54
4672 28
3822 27
5749 29
6232 20
4613 36
11373 76
3040 15
6417 48
4531 41
5140 28
5047 37
7679 51
10130 83
6200 34
5542 48
7881 38
4192 30
5872 32
7913 62
7476 33
3855 8
9219 66
5419 28
6250 30
8478 34
6827 30
3139 22
7910 54
3929 19
1796 12
8846 39
11393 66
9208 39
8506 17
1876 13
4399 23
3366 15
6329 34
6710 39
6014 30
3712 26
4123 20
2953 18
14054 83
5472 20
4147 16
5248 36
7822 29
10010 38
5629 21
9053 50
6213 37
5498 13
4151 19
3534 23
5371 40
2537 7
7719 35
10635 61
3674 27
2934 19
5148 24
6047 29
3873 15
10981 16
5872 20
10204 29
7629 35
1945 15
4691 12
4475 29
3123 17
7625 36
5054 30
4003 16
4513 34
12040 64
8110 37
9422 52
3771 32
7690 44
10648 63
7455 36
5557 27
10862 42
5398 17
5277 38
6642 22
433 1
7818 57
5273 22
6719 37
2683 16
10027 30
3826 21
8156 34
7425 35
7034 27
5685 23
4858 22
11301 17
9685 34
10862 62
9506 65
10099 25
5093 17
3323 21
11916 65
11294 44
5142 27
2951 28
5033 20
6669 35
9588 26
5265 25
7181 48
6321 30
2254 21
5028 28
10245 74
8143 70
7055 56
10034 59
3677 19
9699 65
8236 44
8345 45
5054 26
9385 54
4851 22
5656 42
4732 24
7520 49
5564 33
5191 27
6004 47
5632 23
3668 25
5622 15
7228 30
3427 14
1192 8
9162 27
6483 33
8655 52
3395 21
3580 17
8359 27
9266 47
3926 24
3926 23
3264 17
5767 27
4106 19
13195 41
5139 24
5219 14
16432 67
8050 22
7107 27
7421 38
6246 36
5150 6
3747 18
6024 24
7377 39
7111 59
9827 42
8493 33
6491 22
9175 38
3987 16
6611 41
6543 25
4165 8
4076 15
11051 44
7765 43
10770 28
10506 26
6107 35
6102 48
3914 8
7103 47
10325 42
6265 36
11165 46
5025 14
6836 26
9665 21
3861 8
7154 19
2833 14
3079 27
5113 23
6507 38
7768 36
3672 19
5497 25
10535 56
4861 33
9599 39
10035 33
10985 62
3113 13
11324 56
5600 25
9487 62
5915 22
8670 38
6997 45
6588 18
3433 19
6114 25
9683 24
6882 23
4138 23
6386 31
7228 30
8279 33
3378 21
9498 46
11168 47
8056 30
10429 40
7381 40
6555 37
9760 45
7609 39
7199 40
9038 58
11292 56
6322 34
5194 32
6885 25
5754 27
7051 29
11097 23
8043 27
3035 13
5770 15
5728 33
6410 43
9036 41
13034 40
7529 37
6085 38
4512 15
5966 42
12182 52
4013 13
3710 9
10589 43
4197 17
5650 28
8845 44
4368 30
5026 29
5704 25
3825 16
5345 17
6911 30
13063 41
8578 41
2979 8
3922 8
10327 26
5943 39
7010 26
6078 32
8407 30
5432 34
12620 45
15522 88
8266 28
3454 14
6804 23
11798 27
18656 23
3944 28
5317 36
7665 39
6933 32
7964 41
6533 22
6779 30
7596 20
7809 42
5640 20
10060 40
18876 57
10206 53
11729 41
10385 63
5109 29
3280 25
12135 32
12300 41
11567 68
11971 56
4467 14
13473 66
1547 8
8737 47
7704 24
7334 22
15629 58
9511 22
1895 6
7914 30
10933 40
6447 33
6096 20
15018 51
7863 38
7368 19
5016 9
9997 31
5208 22
7562 37
2740 16
6691 33
7895 29
10418 31
11584 40
6547 15
6625 11
9339 45
12202 48
6738 26
7247 31
7071 31
11257 69
7226 35
5194 24
4821 29
3470 24
8321 34
10187 51
11029 31
10278 78
11077 44
5618 24
11991 62
7301 31
9175 26
4300 18
10800 24
12739 33
8508 26
14845 78
7626 39
4007 22
6986 35
12314 36
8671 34
7194 35
9482 40
11135 72
6422 15
7607 34
5261 30
7402 45
6800 18
8206 39
13287 38
6965 24
7098 15
5638 18
5487 18
6759 41
8749 45
14298 78
7837 48
5336 20
8940 34
9577 59
7302 40
3905 29
8047 62
1779 15
6560 26
6641 27
4867 29
8854 36
7283 36
4257 28
11043 65
5584 37
4475 21
11871 60
12424 42
5587 24
9560 58
5330 17
11128 75
4468 18
7290 34
6274 30
3709 14
7386 30
4711 29
8486 47
9344 24
10919 48
10176 51
6137 26
8298 43
3576 21
8309 27
6669 29
9760 44
9876 73
3340 11
12034 54
1941 7
7520 28
4466 23
7493 41
9054 51
8210 37
2313 15
7196 30
9814 35
8808 53
5316 18
8142 30
11566 39
6022 28
3550 22
3587 10
4990 13
8634 44
14572 49
9631 22
8389 24
16956 65
8567 47
7725 39
10438 55
5570 23
14268 40
6427 16
7898 51
7798 32
3581 20
11184 37
5965 35
5103 13
4060 22
6215 28
10082 34
16233 64
5288 16
8060 32
11788 59
9785 35
13352 48
8062 46
7653 37
13342 48
8855 46
3918 19
5202 23
5553 39
3483 16
7455 46
3984 19
11275 30
13888 53
8860 28
7662 26
6206 49
7213 32
6461 39
6831 45
11938 58
8078 37
8476 33
9073 23
11594 37
5075 26
5686 29
25287 80
2746 17
9683 49
8984 47
7637 32
6447 17
4747 15
7250 65
5421 15
4599 23
9973 49
4533 9
9005 42
9126 23
7047 44
3632 16
12810 45
7547 34
12403 70
8928 45
12939 88
9251 60
5294 14
14909 63
5846 37
8036 38
7872 32
4694 16
7882 33
12467 47
16946 73
9283 60
10713 44
10099 50
7370 27
7068 42
6371 17
9337 43
7101 26
8315 25
9891 89
5424 25
7618 46
8052 38
8675 37
4413 35
6174 36
7617 27
7697 31
6269 28
7294 44
3798 25
6122 29
7863 53
9693 57
7212 22
7202 37
7464 24
10898 79
8464 30
13406 68
9180 55
8741 34
5227 42
8269 26
10707 59
5789 42
7593 35
10864 36
3950 12
6232 34
11815 37
3007 15
10472 64
10740 58
9206 59
6665 29
8696 38
16144 74
6400 45
10810 48
4323 27
8245 41
6265 25
11024 42
13482 66
8720 49
13931 58
9527 27
11840 86
3921 16
5976 24
5660 35
5372 20
5849 26
3862 26
9230 45
8149 42
7164 36
6183 31
6473 39
9365 61
7066 46
4990 17
8626 43
7667 29
8030 35
9163 66
10419 36
9214 65
9256 40
9831 23
9561 38
5466 21
10529 47
10675 35
6160 27
9656 29
8653 29
13589 69
8581 49
15296 44
11224 56
5033 24
8536 20
8778 31
4170 29
7763 21
5040 23
5447 27
11650 50
7599 29
6159 20
8491 37
5321 32
9207 31
11829 36
5825 34
8360 33
3532 13
8902 33
5069 34
5680 23
8148 45
12877 45
11988 48
13087 47
6701 40
9347 35
8906 44
8226 30
8355 56
12710 31
10247 25
6644 24
10759 42
12119 47
6310 26
8430 67
6661 16
9667 29
4107 28
8127 27
12967 41
6804 22
9636 31
6294 28
11138 35
8306 14
7430 26
18060 79
7911 21
4641 12
7832 23
11554 53
8254 28
7105 19
10484 25
11467 32
10268 22
10203 42
12261 50
6812 33
16014 33
7232 29
19044 82
14020 45
12377 42
16996 37
12829 30
13949 59
6255 29
14403 75
16276 38
8644 38
7742 17
9468 41
9683 42
6939 23
13284 39
8743 28
5747 22
9405 33
8513 36
10767 42
7038 40
7905 28
5408 25
12237 45
9404 52
12445 42
4992 36
7456 39
4100 9
12009 35
9187 55
10864 35
6305 24
4463 24
10196 39
5079 38
5881 20
9641 48
9278 36
8539 19
6414 31
8325 45
9259 45
7488 33
8482 36
11098 27
13341 39
10955 23
7669 59
9551 31
13160 51
9526 51
11750 74
10980 52
4701 15
10944 49
12083 36
11032 62
8655 29
12958 58
11408 51
14378 39
10093 69
11129 42
4118 19
6541 18
10350 46
9656 18
11533 28
8549 62
5229 20
8393 37
6908 31
15430 33
9948 27
8610 48
11821 48
6770 26
8999 32
10154 37
8706 39
8398 30
5928 21
8772 25
9681 38
10856 42
3556 20
11507 45
12601 59
11470 57
9781 42
11926 39
11570 36
14410 52
11691 47
7579 17
11539 28
12990 51
10802 41
8408 31
16086 58
10325 38
9076 24
11564 37
14198 33
11137 30
12558 43
13671 39
16425 54
8483 37
8802 27
6842 38
10370 22
11010 43
12008 39
10445 38
6756 20
16103 58
6921 27
9288 30
15027 52
8053 23
6675 27
13453 43
11347 36
10737 49
10488 31
9784 34
15369 46
11665 42
8299 26
9484 28
5616 15
7194 21
7052 18
12807 52
9015 39
6846 27
9353 36
10430 39
10372 56
11903 36
10328 43
10952 56
13000 39
7779 28
9986 37
9555 38
11864 46
12310 45
10696 42
8850 21
6423 33
7841 33
7508 22
11074 32
9317 33
12525 45
7509 25
15528 56
10269 34
7527 27
9576 62
12641 60
10327 44
9849 68
8407 34
11276 37
12838 39
8461 30
10381 56
8113 34
11170 58
18152 68
7863 35
8885 34
9988 44
15154 34
10284 33
15274 49
12374 38
11387 56
13780 38
10116 30
10938 46
12119 48
14603 33
7089 22
7600 31
8254 39
14022 38
5231 17
8420 47
10356 40
7390 32
13219 37
14625 80
12359 23
8975 51
8306 28
10345 71
10867 43
4930 32
6237 31
16761 43
9257 40
15468 88
9470 36
5378 29
15623 40
10760 37
5935 29
8972 35
16667 37
9948 35
14823 45
7246 19
4881 14
9451 36
6918 19
4957 25
12529 53
9162 26
5832 15
13774 51
13588 46
10914 48
8969 36
10860 44
11359 29
9989 52
7835 26
9030 47
20954 43
13492 52
10026 52
8716 44
10686 36
7486 29
14677 55
10558 66
11038 64
13948 60
12634 42
16332 103
5195 18
12304 69
9635 35
9561 24
12019 36
17902 19
9290 41
7268 27
10140 41
13030 27
15009 67
9558 26
13499 34
4934 49
10524 59
15255 50
9047 44
13773 52
10053 41
10525 42
10200 58
7154 43
7718 33
13350 61
8014 36
9849 32
10504 14
11605 84
12039 23
10934 60
8151 36
8550 22
9388 31
15432 42
9290 35
6682 34
4369 12
7336 17
18205 45
4686 23
16987 25
9920 49
10146 58
18373 99
8195 19
7988 66
10916 26
16164 67
10027 21
14497 69
20595 77
6481 36
11071 35
4863 18
6418 30
16284 39
8766 59
4749 20
8750 17
18019 40
17972 57
12607 76
22199 45
10024 54
6483 10
8537 35
9269 66
13895 66
14051 52
10507 36
12924 21
16130 16
12569 70
8586 42
16437 33
12916 58
12626 14
8373 43
15934 40
13689 59
15021 44
7465 36
3614 11
14594 26
8975 26
2274 9
14493 36
10322 44
13363 80
6996 19
10191 55
8793 43
15759 88
10688 31
11247 47
5738 40
8760 22
12488 15
7762 15
12160 35
14412 20
11940 24
14756 23
5578 25
12193 29
15836 54
8517 14
8939 36
12777 31
9218 24
10562 38
7883 24
6422 33
11912 8
13143 27
9922 50
10963 23
10784 49
8505 31
14238 18
14488 25
12585 25
16632 26
22170 28
8232 32
17256 24
13647 32
11544 42
18250 21
16652 6
11824 34
16983 37
10138 25
10188 26
24876 37
10911 36
6395 17
5408 15
11350 34
8025 2
7784 15
9935 23
16868 31
15000 20
14418 50
16036 25
13141 43
10932 49
11474 29
20040 17
13837 16
8224 56
9972 14
8588 16
13795 24
9565 20
14569 54
8344 13
9734 34
7363 27
18049 25
13120 24
6063 14
17222 30
14973 44
3269 9
16507 29
9995 30
25990 22
15464 36
11436 16
15041 35
10090 28
6512 25
16279 17
24361 41
10720 15
12971 24
15102 16
12740 16
6783 38
19422 25
18198 14
9171 12
12969 22
10492 30
11774 34
14878 62
19484 24
9097 15
21787 30
14469 31
11018 13
12210 30
15699 9
19098 28
15626 31
21367 35
11335 17
17774 32
19992 24
9771 36
16292 36
13239 22
9218 18
10695 30
7465 30
9870 28
8415 16
16570 11
10786 29
21788 22
6645 27
12536 40
12854 47
11755 23
16450 17
15199 30
10933 16
6105 13
4964 16
10461 30
10344 34
10250 21
4905 13
8761 11
7276 15
9630 23
6322 7
11429 15
14835 25
6063 8
16377 21
7258 14
14563 12
9208 16
14320 16
12095 17
19526 40
12209 17
5484 7
16007 24
5825 16
11323 24
7867 18
7872 15
9888 23
13676 19
10460 28
6447 13
6682 10
9401 36
8039 7
13303 16
11606 23
10722 27
15886 25
5204 8
22463 29
8851 16
4290 6
8351 29
14199 25
20470 18
11387 27
17342 21
22493 23
5768 9
11760 25
19393 20
21370 40
18119 29
10223 27
15679 23
6617 13
13231 16
10740 45
9774 21
8822 18
10110 23
12152 19
17968 13
12310 27
10611 35
14072 26
11961 23
20542 26
18832 43
9624 22
13621 23
3984 5
17010 24
12066 51
12463 38
8057 7
13028 44
11541 16
11610 18
10732 29
14494 29
11880 13
12426 40
7487 12
12477 29
12584 36
15503 51
9134 25
14226 40
15362 17
24011 18
25096 38
13323 16
14088 21
17284 21
19283 30
18259 18
8484 15
15456 21
21132 19
9305 12
10866 17
6882 12
10441 30
18948 19
12106 18
5071 12
15204 13
20784 26
18869 40
9619 41
13762 20
7569 19
15266 28
14980 21
26324 32
10322 23
13062 42
16699 30
16248 36
11651 31
9141 18
20726 34
7980 11
16630 32
24473 15
16953 28
10406 16
11655 7
8443 25
12031 15
20695 26
14616 19
11698 12
13672 20
14000 11
13874 27
12967 24
15381 13
19874 42
7348 11
19705 37
10196 12
19162 28
9983 31
12989 20
11351 28
15703 42
12875 29
9644 15
13612 34
8580 9
15325 22
5413 11
9689 14
15421 21
9075 23
22600 45
19607 25
12189 18
30417 54
10189 19
15259 29
12191 17
6928 14
8677 16
10335 34
17868 19
19945 27
8439 21
13297 18
21438 29
19056 59
10239 41
21040 28
9805 18
6251 16
19300 16
22989 25
11817 18
8971 10
21149 30
14153 17
17379 46
17226 24
17136 18
20181 29
15443 21
11481 18
13118 14
6754 13
15138 20
14762 12
7110 22
11361 34
15488 54
15745 21
9515 19
19744 24
12408 10
10864 14
13616 40
13676 37
17767 36
9373 23
16384 12
11377 42
17945 32
12031 31
7246 12
9849 19
19075 24
11856 31
23682 33
15181 25
12559 30
15030 51
22726 27
9843 19
25718 35
14492 38
21227 32
17322 34
20095 44
29077 40
13323 20
10605 25
19268 38
22325 25
19388 22
18084 35
21119 42
9603 28
18409 36
18587 49
18316 32
21498 21
19098 28
20865 62
27807 32
18899 18
15012 27
16519 21
7770 22
7918 12
17304 37
12649 25
15294 15
13051 27
18381 21
22704 33
21206 58
12747 34
21858 15
18344 48
26380 27
10145 25
16693 35
24385 30
19341 32
20528 35
16520 37
21072 34
24315 49
8153 21
15157 21
14165 54
20169 33
19247 20
20938 48
12574 44
19676 31
25009 51
21690 51
22258 34
8200 23
15863 40
22957 62
20347 32
21560 14
21856 30
13280 23
16601 31
9896 30
11424 48
9607 25
22636 46
13613 52
10270 19
11699 35
19185 30
16984 34
15109 29
18916 19
12735 17
16198 18
18342 42
10526 20
9909 28
17640 47
11372 33
19782 50
13546 33
20001 23
9508 32
13152 36
16285 9
16129 51
15628 37
14548 23
16564 42
11642 15
9469 29
13472 30
20724 45
14350 15
20837 31
12088 32
10959 33
18754 22
12424 24
10086 21
18449 38
11146 12
13451 48
15001 23
12410 54
10450 31
12561 15
15338 32
11670 23
14869 30
17663 49
14633 32
16027 42
19903 34
19692 42
17021 49
15072 52
14272 40
11169 28
19904 56
11879 35
9870 25
11400 32
9938 27
21101 36
15772 61
18060 44
10458 66
13972 38
15241 70
11777 40
16903 45
22855 63
10928 58
16506 39
11920 35
22432 50
15842 50
16111 75
19394 75
13550 23
18253 38
19396 58
18418 34
14141 31
19430 26
11515 28
11137 16
12985 29
5687 13
19690 64
20618 39
9684 19
15893 43
20586 71
12885 36
13641 36
13833 36
16466 24
15339 32
13744 96
16803 62
12134 30
8047 20
24468 53
12696 52
12232 21
18504 109
19733 42
15405 13
20096 40
10021 19
7784 22
8922 28
16106 35
11707 56
12445 35
7384 11
15733 20
11144 28
14205 27
20386 65
13732 32
10884 18
12782 31
14409 18
15409 30
10679 25
7933 15
13759 46
24358 21
16455 28
8036 19
21813 47
9951 23
10468 35
14449 38
12323 27
17693 39
19383 42
8412 32
7084 12
11443 27
8597 15
17782 33
8877 22
7701 35
24113 31
13271 26
11819 19
11198 35
15298 21
17210 51
9614 18
16981 19
11198 12
13508 20
13178 49
11408 58
9058 27
11765 31
9412 15
13658 19
12790 31
10625 24
18641 22
14105 34
19087 35
14937 30
18539 25
12433 18
16029 56
18562 27
12243 33
10474 28
12108 31
20218 15
15563 41
16548 17
11259 7
9659 16
16809 23
12652 34
16981 21
22137 30
9724 21
12925 19
10370 20
12598 31
9853 17
16286 25
14545 36
13098 11
10287 43
20492 28
14282 19
17696 37
13595 15
11424 8
12667 21
15997 17
15648 23
15360 30
16377 27
7905 27
8148 21
7719 17
19735 14
9732 21
17590 40
20486 26
11652 31
20546 21
14760 25
9299 19
6902 9
13083 21
10171 16
12124 19
19247 12
9980 22
17270 18
18964 29
7389 18
10755 13
8888 13
16853 39
13396 21
16699 15
12912 9
15803 12
22021 41
10377 29
3905 9
14759 35
14232 13
12855 56
8163 22
17106 16
17179 28
10456 35
18271 29
11054 24
8856 18
11662 39
14551 32
10663 17
11817 36
14778 41
14603 26
16029 27
3647 22
13875 14
10240 30
9809 37
7322 28
18822 22
15108 31
11240 26
15254 13
20136 24
6147 39
10077 13
9605 14
8169 33
15192 40
12872 29
17303 40
23567 43
12693 22
7482 17
13906 13
15088 10
8287 20
8241 20
20442 17
5826 12
16375 7
12716 25
8601 14
15110 18
12941 20
4493 14
8712 9
22055 18
11701 19
6996 14
6187 12
11628 20
25804 10
12566 8
10278 14
23260 12
5900 7
16100 21
8679 21
15895 21
21818 44
17420 27
14843 9
15338 15
9302 19
16406 25
5800 11
16261 21
10054 11
6056 20
8913 29
9465 19
18871 25
8847 27
7110 18
16804 21
6878 17
7274 8
6581 5
14022 6
17838 11
5097 14
22288 30
14379 17
14902 27
7409 11
6370 10
12864 17
17491 9
12722 6
21105 25
9087 13
14750 12
11176 16
7415 17
11993 18
20614 7
7844 22
12891 32
16601 11
17702 13
19269 11
19332 14
8597 15
10045 13
4935 7
12980 7
16443 26
6476 4
16587 4
5970 9
15782 18
9517 5
11067 19
8229 18
16359 23
21870 16
16716 10
6924 13
12044 13
7891 12
7410 4
20244 15
13502 22
18413 12
5836 12
21437 9
5907 16
7142 19
13876 12
10455 16
7844 21
22523 23
13712 10
17054 15
13224 7
7708 13
18911 14
10295 7
12641 12
11225 26
8410 7
27720 20
22286 15
19387 10
13338 31
12857 19
14973 16
12878 25
22555 28
12837 9
13391 33
17202 17
23260 16
16660 20
17020 20
33923 14
9337 11
17060 13
12908 34
6579 8
16629 11
17620 15
8438 21
9951 18
15270 26
16491 19
26093 13
16827 18
9946 24
20868 26
17807 8
21816 12
17788 16
14490 16
13418 10
16246 20
16236 15
10175 21
18838 15
18836 11
11021 23
19388 14
21905 21
10407 9
8825 27
9646 8
21970 19
15360 14
14051 19
20851 15
15735 12
11455 11
8344 12
22676 20
16341 20
16024 10
18481 11
13555 27
23382 14
26755 15
20494 8
16727 9
27387 22
20957 13
16122 15
11602 16
24893 9
19121 17
23701 34
18146 14
20296 11
19754 14
18398 9
13247 18
18175 18
23838 14
17172 10
11306 23
14403 17
22430 17
20693 12
13816 16
11983 19
14604 9
5870 6
10186 12
10774 16
12594 6
6643 13
22649 16
19140 15
24300 20
18091 12
17677 10
18581 8
21715 9
24663 20
16127 14
10307 19
9120 20
15857 16
30071 17
9584 10
24419 24
21759 15
26586 14
17257 6
8721 14
22538 18
12431 33
15479 7
23032 21
14982 13
14770 7
8803 5
22107 21
8825 15
7027 9
12995 12
21842 27
8450 5
8687 17
23450 18
6840 13
29588 29
15705 18
11087 26
18580 14
21333 8
13720 17
10887 21
29229 26
19461 20
16762 7
10966 11
11837 18
27844 26
13059 25
6678 8
13331 22
17215 20
13604 9
20194 25
10885 16
12693 18
31818 27
6476 11
12044 23
9173 8
9523 23
16132 18
19670 34
15621 15
12420 13
13759 11
14052 12
15649 16
14053 20
25408 42
18714 14
15738 11
11841 8
24421 14
16691 25
15652 3
15417 11
10800 29
16035 15
12800 28
16509 7
18509 14
22544 35
18604 27
24127 52
18124 18
19227 9
24597 22
16651 14
23983 25
18505 36
11592 28
24724 40
12010 9
16037 33
17906 32
14771 17
9139 11
25021 39
18178 29
21208 21
20075 63
7181 40
15198 11
9587 17
11448 18
14587 21
15842 10
23153 22
19739 8
12520 11
26306 25
16029 28
20101 27
26987 17
26007 15
29459 20
15406 22
10482 11
16893 9
16778 11
10063 11
25493 33
26027 21
17095 19
17993 15
10385 14
17459 9
19915 16
18916 15
13100 15
29289 13
24705 15
11879 22
13313 18
24717 14
8306 10
15495 7
18767 12
31354 19
7990 6
11205 29
18487 15
14640 27
23148 14
14819 23
17683 24
15437 18
32217 18
17020 8
27631 29
17656 9
27076 19
16827 9
24016 18
9925 7
10820 14
15011 19
12401 8
6110 10
24958 20
13059 16
14290 7
13484 15
8284 21
10735 14
20184 11
21939 12
13122 15
24146 9
17496 3
14454 8
19560 12
9969 25
21031 13
26962 12
42660 21
9371 9
11036 11
18886 19
8629 11
7349 11
20583 19
26073 17
22515 18
17723 9
20608 22
21330 11
9752 13
20403 17
24200 17
18403 8
9019 16
12514 21
49387 31
37873 66
21064 63
24594 53
16984 13
25626 24
15367 17
21754 47
25341 20
10692 13
8999 16
15398 5
23890 11
6079 11
10697 13
23534 13
8764 8
24798 15
10760 12
17205 20
21929 22
8710 17
18277 12
27143 27
26293 19
30760 22
12984 10
23304 26
17168 17
22481 11
13026 23
24781 15
29568 22
19940 21
25120 12
16978 33
11972 17
14846 26
9732 10
22327 20
19961 16
24819 13
14500 10
7274 8
17860 21
38839 14
20743 26
19622 14
9866 13
11931 8
19485 9
17101 15
23135 17
6260 11
20656 16
25853 20
17446 6
21003 27
20878 13
17397 13
31744 25
14508 13
21579 16
20642 34
23951 18
27046 8
10379 12
21298 18
21663 28
31782 12
22644 7
15859 12
4851 9
27880 16
16756 6
15641 19
20253 35
24979 18
23175 29
7501 5
16881 19
10477 17
24599 32
19362 11
10643 5
22868 15
11165 12
8810 10
32021 27
7075 18
32233 26
24984 12
12247 14
14168 19
14147 20
12524 8
19147 26
22414 27
5684 16
12039 20
19503 28
23601 16
13399 13
22044 11
15725 7
24201 20
12618 12
22924 5
9381 14
11456 19
16660 15
18276 11
15178 14
19569 31
21456 20
11211 37
17702 6
8997 14
15041 14
19818 14
26812 11
17632 19
23529 15
10903 8
14968 4
20079 12
10836 15
16025 18
19268 8
26069 10
7468 21
13526 18
14768 23
28679 15
35741 16
22618 13
7970 11
15829 18
27200 7
15114 16
5861 8
14679 7
15367 15
14991 10
11801 20
27083 20
16538 25
5608 14
13834 13
19944 20
16196 19
18010 16
7156 7
21585 31
16797 12
28350 26
27360 21
16397 1
21916 25
18442 4
21234 4
9448 16
16929 6
18038 22
7816 7
13674 23
31592 16
9895 14
35847 29
28325 8
20060 7
19182 11
18426 17
7673 17
16494 14
12310 23
19310 24
23712 8
25934 4
19529 18
27722 19
15825 12
11544 8
11806 22
17534 11
23491 9
6048 6
22423 14
13238 14
21225 10
24765 15
21028 12
11585 15
9611 14
26302 13
22777 13
27020 17
10447 9
11113 14
12913 15
31674 12
27747 9
12514 10
13070 8
9111 15
5265 3
25731 8
19316 8
9091 15
4551 4
24130 13
8539 14
19633 7
25965 10
21293 14
11231 1
10659 11
22665 7
19735 13
17540 21
24848 11
6646 17
21209 23
19655 4
20186 16
27840 12
24053 11
11389 15
18317 8
17913 11
13642 14
24587 11
18346 7
19621 15
9773 11
23312 7
7017 4
10226 8
23749 10
28346 10
15127 6
7784 10
13286 9
21298 8
26387 16
18685 9
6371 8
29889 13
10669 18
25320 10
19537 7
16958 10
17761 8
31055 18
17304 13
17329 4
18852 6
13182 7
36287 14
26587 5
26130 12
25582 15
11925 12
19869 5
17747 19
10148 8
18656 5
19011 8
14285 14
22071 14
19644 7
22016 20
19792 15
14871 11
9137 8
21235 4
26560 5
26814 15
29128 15
32224 10
21905 7
25363 2
9448 13
11397 12
24392 18
31452 7
18757 9
33169 7
18501 4
22392 5
26192 11
12310 8
26374 5
14174 9
12547 12
18744 7
32681 16
14078 10
30348 10
16601 6
18643 11
11110 3
22256 13
7718 4
28322 8
28595 8
19822 2
26526 3
16280 10
25865 8
28168 10
8325 7
15372 16
21029 4
25731 8
16915 21
32942 13
14078 14
27222 5
20820 4
17397 10
24581 11
11724 18
28644 10
15745 13
23375 6
25750 5
14630 4
30497 6
24098 13
11722 6
31423 12
15508 9
20824 8
26251 6
15587 5
24236 7
21917 8
8992 5
32980 4
28070 5
29650 11
26518 12
22156 7
27163 9
19913 6
28149 13
26110 8
30368 12
33086 7
21189 6
29290 20
15843 25
22118 4
27425 3
29262 4
23140 8
25948 10
27800 2
24326 10
34508 10
9343 7
18131 7
12551 6
34641 6
25124 10
25795 3
26924 5
20150 7
24616 8
21660 7
14402 14
15388 4
30105 4
34857 11
27753 10
15470 12
20949 4
24851 6
33019 5
29621 7
18214 20
32075 9
31400 6
42603 5
27048 5
31610 11
33036 7
18187 3
26039 13
44606 13
33575 5
18575 9
26754 4
20457 4
43961 9
21967 12
27691 13
31526 12
30062 8
27470 23
12336 17
28748 12
31449 13
28097 10
26775 1
27284 16
26117 7
24609 9
32300 9
31638 8
31110 7
23727 21
22453 8
23725 14
29225 11
31114 10
29297 7
21282 5
25415 9
35441 10
28923 25
31549 7
21641 21
38143 16
27783 8
28679 17
27128 7
23603 13
26604 5
16232 16
28097 8
25210 3
17458 4
22001 8
30597 23
23502 6
35877 7
25875 12
34564 8
19688 8
12259 10
42043 2
20480 5
55019 9
24906 11
26258 18
37218 9
24617 6
21821 19
24803 14
25896 6
20354 6
27155 4
49838 15
37877 10
23400 3
33822 11
27174 9
19770 5
26694 6
18529 1
25187 7
21890 4
20011 27
16457 11
24326 6
36247 13
21357 7
20366 10
22154 7
35710 3
21623 5
30706 10
37282 7
30559 6
32253 1
35249 10
32927 8
25913 9
29167 3
26036 10
26064 4
30052 8
28931 3
29464 10
18886 8
37422 4
27535 15
29942 6
27740 7
23678 1
28579 11
30496 9
18991 6
34125 3
37153 6
27014 6
22154 6
25026 5
28232 10
44074 6
23782 2
17277 8
31061 10
28979 3
42760 8
37199 14
38021 12
33934 9
25381 13
31873 3
30195 9
32133 17
39294 12
24911 5
24498 8
27038 8
45943 10
44693 12
19466 6
35711 4
27534 6
40520 8
20479 15
33056 9
27495 10
37941 2
38088 5
31046 5
19630 6
39917 13
20545 5
22661 9
27315 8
31635 11
20770 6
26643 3
30732 9
27928 11
33253 12
33795 7
25259 2
30542 3
22203 3
29106 7
34113 10
21335 7
29156 6
20544 9
22256 10
29972 3
29732 21
21044 5
35116 9
22956 7
33770 12
24131 6
24143 1
28996 5
30977 6
39085 4
29768 4
34192 4
22506 5
26496 12
35954 13
26375 5
19965 4
18752 3
25971 6
23081 7
27793 2
30052 6
27674 9
37348 10
41315 6
39154 7
25115 3
29534 9
33561 6
24886 7
33923 7
30293 1
32691 12
35842 13
30590 7
30587 2
33499 8
48249 14
33728 7
40437 10
29154 5
37268 7
27018 21
27057 11
24729 3
33281 17
31222 4
37300 5
31156 10
27474 7
29056 5
38642 9
26467 5
34981 6
31761 9
45690 10
24977 9
39743 5
33904 11
41696 16
47668 9
43447 5
47557 10
35980 11
34547 7
35745 7
35213 11
36293 7
35707 4
31986 15
37392 4
32276 10
38824 5
