plt
0.0219236
0.000287888
0.000176964
0.000231596
0.000172102
0.000271144
0.000283721
0.00738753
0.000450154
0.000371063
0.019611
0.000354293
0.000445008
0.000317451
0.000440357
0.000300376
0.00046728
0.000358152
0.000254092
0.000237388
0.000240931
0.000207208
0.000157895
0.000142612
0.000138301
0.000202375
0.00020511
0.00018062
0.000137632
0.000207382
0.000179851
0.000171391
0.000213487
0.00016116
0.000182501
0.000228127
0.000199651
0.000232716
0.000204021
0.00023392
0.000172663
0.093943
0.0926981
0.0943204
0.0965088
0.094945
0.09789
0.0875179
0.0906154
0.0949629
0.0931074
0.0696382
0.0683501
0.0720593
0.0790759
0.0694263
0.0742421
0.0607795
0.0783844
0.058895
0.0561904
0.0435123
0.0424438
0.0450079
0.0490151
0.0472948
0.0517825
0.0405766
0.0389849
0.0329772
0.0445853
0.0417358
0.042844
0.037837
0.0488771
0.0377975
0.0429655
0.0404218
0.0375244
0.0415755
0.044586
0.0370072
0.0388457
0.0402663
0.0366492
0.0429088
0.0413841
0.0363002
0.0331774
0.0310693
0.0365356
0.030615
0.033664
0.0261086
0.0292488
0.0275516
0.0259994
0.0271026
0.024996
0.020595
0.0202801
0.0198849
0.0337129
0.0242718
0.0246167
0.0214502
0.0257417
0.022667
0.0187782
0.0208571
0.0409277
0.0286017
0.0250723
0.0199442
0.0233766
0.0256529
0.0185923
0.0246746
0.0254168
0.0255799
0.0197911
0.0171092
0.0218507
0.0343638
0.0310587
0.0260447
0.0187597
0.0163573
0.0208865
0.0228595
0.0211299
0.0173232
0.0241935
0.0396329
0.0236326
0.0186916
0.021652
0.019298
0.0200041
0.0175834
0.0246827
0.0151087
0.011895
0.0211516
0.0201072
0.0185119
0.0220866
0.0281778
0.0182364
0.0172781
0.023315
0.0286999
0.0222691
0.0167189
0.019485
0.0209066
0.0192349
0.0215816
0.017409
0.0189959
0.0196713
0.0197044
0.0185148
0.0190518
0.014876
0.0152738
0.0133962
0.0108192
0.0360825
0.0192771
0.0167894
0.015748
0.0216843
0.0152835
0.0202336
0.0208971
0.0185963
0.0167574
0.0142492
0.025
0.0169816
0.0221328
0.0187379
0.016483
0.0144958
0.00819912
0.0164319
0.0161482
0.0144312
0.0154951
0.0164654
0.0185389
0.0225421
0.0139821
0.0197539
0.0153218
0.0215672
0.0241597
0.0146382
0.0147059
0.0227379
0.0223118
0.0200475
0.0223588
0.017746
0.0226027
0.016642
0.012931
0.0150852
0.0223022
0.0101652
0.0174646
0.0171293
0.018835
0.0187394
0.0199488
0.0203675
0.0167042
0.0215476
0.0132047
0.0195197
0.0208471
0.0154812
0.0176342
0.0186301
0.0215633
0.0186362
0.0188995
0.019666
0.016792
0.0159151
0.0109788
0.018617
0.016834
0.015873
0.013847
0.0162986
0.0164529
0.0159164
0.0211652
0.0165654
0.0173418
0.0176254
0.0172587
0.0181263
0.0201676
0.0201183
0.0182418
0.0130719
0.019203
0.014586
0.0105398
0.0141888
0.0162279
0.0158205
0.0156679
0.025
0.0120321
0.0137648
0.0166622
0.0143698
0.0177609
0.0133497
0.0116518
0.0200453
0.0154851
0.0180905
0.0163736
0.011194
0.0118135
0.0133164
0.0159073
0.014742
0.00961959
0.0149157
0.0138614
0.0187304
0.0182237
0.0185725
0.0111534
0.0126038
0.0145713
0.0164016
0.0138457
0.0193983
0.0147996
0.0137655
0.0123786
0.013843
0.0199792
0.0158798
0.0134181
0.00476992
0.0127562
0.00847458
0.00594059
0.0154739
0.0107949
0.0149864
0.0153032
0.0123481
0.0178008
0.0244519
0.0116362
0.0138221
0.0116046
0.0105909
0.00755124
0.0126498
0.00934579
0.0153846
0.0127071
0.0167401
0.00903775
0.00950796
0.0100287
0.0109689
0.00726568
0.0118516
0.013883
0.00817661
0.0049597
0.00909568
0.0106403
0.0124979
0.0121493
0.0127072
0.0119804
0.00852542
0.016272
0.0114003
0.0126656
0.0125224
0.0158282
0.00856531
0.00856735
0.0095317
0.0104299
0.00805343
0.0104426
0.00944287
0.00773794
0.0123771
0.0129434
0.0116114
0.0111392
0.00878799
0.0107432
0.0113998
0.0113954
0.0103002
0.00742414
0.00893958
0.0124334
0.0105786
0.0119194
0.0108216
0.0163488
0.0115257
0.0137141
0.013715
0.0134739
0.0154619
0.015885
0.0165805
0.0100381
0.013989
0.0148728
0.0187333
0.0132639
0.0114272
0.0103972
0.00776256
0.0109193
0.00881489
0.0093861
0.0111435
0.0117091
0.0156783
0.00980558
0.00950021
0.0132411
0.00915698
0.0135453
0.0125869
0.0128571
0.0102158
0.0145228
0.012853
0.0098175
0.0138765
0.00712695
0.0086758
0.00569166
0.00597461
0.00623583
0.0105071
0.0102236
0.0104318
0.0109361
0.011366
0.0077332
0.00704441
0.00883414
0.0129827
0.00775194
0.0117647
0.0105733
0.0102666
0.0125786
0.00992501
0.00973815
0.0131939
0.0136054
0.00841938
0.00805108
0.00778412
0.00998264
0.00594177
0.0121515
0.00841976
0.00901526
0.00912167
0.0125569
0.0110063
0.0102319
0.0106963
0.00843882
0.0116078
0.00204082
0.00993612
0.00805842
0.00659196
0.00918309
0.00972763
0.0103138
0.0129032
0.0134138
0.00821468
0.015479
0.0121639
0.0118973
0.0145503
0.00985091
0.0134028
0.00786089
0.0117397
0.0145062
0.0110106
0.0115686
0.0106789
0.00983191
0.0110831
0.0102167
0.0075188
0.00848506
0.00969305
0.00695894
0.0139721
0.0118191
0.00852273
0.0128052
0.015333
0.0119266
0.0108959
0.00628931
0.00998004
0.00913659
0.0107222
0.00713306
0.00394265
0.00793154
0.0134291
0.0117401
0.00706255
0.0108091
0.0114416
0.0126477
0.0134293
0.0109059
0.0105319
0.0101523
0.0108728
0.00916454
0.00941704
0.00690755
0.00977366
0.00550459
0.00617072
0.0078066
0.00629531
0.00862069
0.0114784
0.00799543
0.00549962
0.00690846
0.00974212
0.00949111
0.0141693
0.00952614
0.00607441
0.0065652
0.00628571
0.0083607
0.00433478
0.00634596
0.00664282
0.00913563
0.00988468
0.0105957
0.00745856
0.00787802
0.0101764
0.00878176
0.00713842
0.00835655
0.0103657
0.00937427
0.00971548
0.0120063
0.014023
0.0115674
0.00941071
0.0109756
0.011738
0.0100897
0.00768574
0.00850492
0.0199396
0.00696702
0.0165441
0.0110654
0.00772798
0.00882961
0.0117903
0.00878542
0.011349
0.0101325
0.0110835
0.00864655
0.0105758
0.0118674
0.010391
0.015653
0.0121975
0.00983989
0.0103454
0.00995759
0.0108238
0.00775862
0.00999001
0.0102219
0.0111964
0.0115987
0.0141229
0.0118599
0.00905771
0.00978385
0.0119898
0.0141808
0.00883169
0.0140931
0.0106404
0.0122864
0.0078329
0.00850822
0.00952381
0.0128985
0.00906344
0.011236
0.0134108
0.00951848
0.0136901
0.0109858
0.0077466
0.0104563
0.00482759
0.0120363
0.0109797
0.00894188
0.0131805
0.0084122
0.00828289
0.00574988
0.0131611
0.0143188
0.0107126
0.00871108
0.0101272
0.00998292
0.00877598
0.00500954
0.0110609
0.00947551
0.00712435
0.0102493
0.00850662
0.0046373
0.0119553
0.0140893
0.0122818
0.00762962
0.0153453
0.00865191
0.00946206
0.00921053
0.00941408
0.00995711
0.0105202
0.00906056
0.012628
0.00744364
0.0095874
0.00972486
0.0103238
0.0118983
0.0101389
0.011065
0.00688244
0.0136197
0.0121515
0.0116129
0.00906156
0.00897329
0.00591398
0.0096206
0.00813965
0.0127694
0.0111312
0.0100147
0.0112943
0.00678324
0.00692521
0.0111082
0.0126103
0.00895236
0.0066169
0.00808898
0.0105263
0.00589311
0.00907127
0.00701508
0.00979895
0.00951868
0.00612903
0.00760778
0.00680041
0.00837607
0.0102681
0.0076904
0.00871324
0.00770128
0.00520833
0.0105422
0.0140589
0.00713202
0.00696004
0.00887199
0.0107571
0.0117367
0.00945918
0.0108263
0.00873362
0.0101187
0.00762066
0.0073454
0.0084221
0.0121917
0.0108611
0.00718644
0.00949038
0.00859534
0.00744879
0.0122288
0.0110747
0.00757193
0.00879885
0.00694235
0.00707965
0.0109569
0.00533304
0.00948276
0.00843759
0.0108571
0.0047692
0.00550459
0.00561363
0.00651042
0.00872093
0.00485699
0.0093476
0.00695033
0.0053813
0.00770804
0.0103093
0.00948592
0.00916031
0.00751388
0.00625447
0.0058651
0.00438653
0.00660502
0.00783373
0.00751409
0.00452028
0.00901857
0.00937584
0.0036245
0.0103359
0.0100485
0.00506617
0.00845547
0.007694
0.00534459
0.00675219
0.0081448
0.00669039
0.00643317
0.00881902
0.0100944
0.0133792
0.00781485
0.00766039
0.00540414
0.00983837
0.00578035
0.00484323
0.00604534
0.00235516
0.0057652
0.00597848
0.00664508
0.00561404
0.0102999
0.00470727
0.00721529
0.00292649
0.00519228
0.00765462
0.00484155
0.0067659
0.00762332
0.00903762
0.00921763
0.00989811
0.00709313
0.00824133
0.0074199
0.00805861
0.00681166
0.00474355
0.00705156
0.00775388
0.00717566
0.00483481
0.0058629
0.0117647
0.00737327
0.00734394
0.00694705
0.0047899
0.00722429
0.006886
0.00390006
0.00872973
0.00569665
0.00465859
0.0058651
0.00514684
0.00279037
0.00800356
0.00776379
0.00884521
0.00541357
0.00485758
0.00626335
0.00841121
0.00695373
0.00860542
0.0113086
0.00809657
0.00393443
0.00754907
0.0109763
0.00622456
0.00712378
0.0102866
0.00748337
0.00584551
0.0114775
0.0103046
0.00764115
0.0072924
0.0105683
0.0106295
0.00932712
0.00507829
0.00747264
0.00799744
0.00817197
0.00883032
0.00680603
0.0077101
0.00900402
0.00696616
0.00770583
0.00756909
0.00519955
0.0104841
0.0062487
0.00773096
0.00693831
0.00644291
0.0058273
0.00732259
0.0073913
0.00632721
0.00426403
0.00607784
0.00401606
0.00632811
0.00580913
0.00731332
0.00471143
0.00655793
0.00804769
0.0103237
0.00768619
0.0110654
0.00632773
0.00998249
0.00632078
0.00830565
0.00644731
0.00331263
0.00528084
0.00793037
0.002849
0.00844462
0.0106519
0.00403691
0.0086448
0.00736083
0.00265006
0.00312337
0.00844391
0.00444444
0.00457894
0.00630335
0.0046055
0.00559589
0.00468123
0.0016603
0.00537713
0.00627898
0.00720396
0.00541892
0.0060036
0.00640835
0.00596496
0.007739
0.00571429
0.003367
0.0061997
0.00722073
0.00352983
0.00810246
0.00273569
0.00627469
0.00568463
0.00612804
0.00718485
0.0114068
0.00615174
0.00512549
0.00520156
0.00796092
0.00621118
0.00458231
0.00756757
0.00750751
0.00398195
0.00943015
0.00593201
0.00698439
0.00982728
0.00518941
0.00490196
0.00837989
0.00306748
0.00694623
0.00733535
0.00781955
0.00641832
0.00698893
0.00380108
0.00537827
0.00835655
0.00675306
0.00582391
0.00597758
0.0077436
0.00436345
0.00619498
0.00717804
0.00948463
0.00923361
0.0413223
0.00954946
0.00481438
0.0083022
0.00523903
0.0051396
0.00794541
0.00454545
0.0111292
0.00782123
0.0069633
0.00673174
0.0070239
0.00726329
0.00736758
0.0100874
0.00504202
0.0100713
0.010725
0.00661806
0.00442787
0.00793931
0.0101333
0.0129529
0.00558257
0.00870767
0.0127924
0.00814306
0.00856403
0.00976645
0.00344403
0.0106363
0.00685531
0.00704101
0.00404192
0.00572034
0.00403582
0.00273067
0.00384047
0.00995608
0.00715913
0.00734558
0.0109682
0.00523493
0.0108671
0.00456681
0.00596853
0.00976668
0.00914047
0.00817757
0.00572369
0.00872886
0.00899512
0.00684224
0.00753239
0.0104326
0.00534391
0.00707428
0.0104277
0.00650587
0.00877407
0.00396635
0.00658092
0.00895374
0.0104348
0.00594512
0.00864411
0.0122835
0.00819672
0.00473789
0.00173947
0.00464354
0.00752823
0.00716499
0.00466999
0.00437796
0.00391453
0.00709812
0.00527273
0.00494723
0.00519841
0.00420508
0.00908585
0.00454693
0.00535494
0.00666558
0.00235294
0.00709861
0.0130391
0.00531335
0.00231826
0.004669
0.00803978
0.0043978
0.00887798
0.00309931
0.00739625
0.00490098
0.00431998
0.003386
0.00659712
0.00466472
0.00490356
0.00462512
0.00712589
0.00497585
0.00566913
0.0087573
0.0049239
0.00597345
0.00302863
0.00679398
0.00488219
0.00498715
0.0068831
0.00219408
0.00695915
0.00462963
0.00222088
0.00750229
0.00906002
0.00707733
0.00693909
0.00467897
0.00797546
0.00851189
0.00722862
0.00441228
0.00327439
0.00676496
0.00920989
0.00644716
0.00816009
0.00787712
0.0101928
0.00512515
0.00665883
0.00687285
0.00347222
0.00743785
0.00512006
0.00913866
0.00809465
0.00437973
0.00312328
0.00299463
0.0047986
0.0054155
0.00509198
0.00351217
0.00426136
0.00629026
0.00575639
0.00513139
0.00569834
0.00829712
0.00589971
0.00803043
0.00829445
0.00544629
0.00360082
0.00217604
0.00305386
0.00597868
0.00391574
0.00359046
0.0058382
0.00517936
0.00703491
0.00599315
0.00706436
0.00504436
0.00320924
0.00780403
0.00668249
0.00493421
0.00748013
0.00904878
0.00544747
0.00733109
0.00664149
0.00819348
0.00548387
0.00866113
0.00482172
0.00715649
0.00544959
0.00783521
0.00441413
0.00207523
0.00715913
0.005167
0.0048
0.00401038
0.00439432
0.0070086
0.0068268
0.00483584
0.00668151
0.00440877
0.00579303
0.00423545
0.00199859
0.00692964
0.00522846
0.00445633
0.0053721
0.00581222
0.00498836
0.00700431
0.00485084
0.0060955
0.00590579
0.00365497
0.00385821
0.00685976
0.00370749
0.0037962
0.00373068
0.00552303
0.00595526
0.0023645
0.00457721
0.00650821
0.0074474
0.00275916
0.00453427
0.00573578
0.00734894
0.0064758
0.004662
0.00479577
0.00387297
0.00145706
0.00340599
0.00284202
0.00458776
0.00771208
0.00255809
0.00648045
0.00544348
0.00472131
0.00593589
0.003997
0.00753379
0.00531561
0.00456227
0.005519
0.00848581
0.00572172
0.0059166
0.00482897
0.00485874
0.00386669
0.00314931
0.00720106
0.00331226
0.00230947
0.00729087
0.0041722
0.00550677
0.00596347
0.00299192
0.00548876
0.00416871
0.0047138
0.0038385
0.00404573
0.00452861
0.00150429
0.00351058
0.00570797
0.00683779
0.00247549
0.00333791
0.00631959
0.00545485
0.00389587
0.00525088
0.00948831
0.00397377
0.00524816
0.00271172
0.00474834
0.00668431
0.00474608
0.00931677
0.00556881
0.00722304
0.00859634
0.00793763
0.00588001
0.00516726
0.00670172
0.0053424
0.00539245
0.00514444
0.00575386
0.00453515
0.00742574
0.00507185
0.00651596
0.00593098
0.00520131
0.00782811
0.00408381
0.0068157
0.00266809
0.00415053
0.00408521
0.00671141
0.00294695
0.00509024
0.00600809
0.00618557
0.0047486
0.00323005
0.00507231
0.00611309
0.00585838
0.00520833
0.00468181
0.00462737
0.00310724
0.00467017
0.00268251
0.00407741
0.00273292
0.00379907
0.0051206
0.00576369
0.00116505
0.00480384
0.00398406
0.0052867
0.008297
0.00427394
0.00388555
0.00338931
0.00414169
0.00401304
0.00620178
0.00382088
0.00192077
0.00368008
0.00398154
0.00553767
0.00259981
0.00247478
0.00573113
0.00786627
0.00204394
0.00661692
0.0040678
0.00574621
0.00412002
0.00278607
0.00380339
0.00217279
0.002072
0.00265586
0.00494176
0.00876908
0.00449834
0.00583986
0.0046344
0.00517429
0.00454794
0.00531561
0.00678873
0.00406292
0.00328849
0.00564406
0.00417604
0.00494525
0.00446429
0.00653526
0.00371936
0.00438293
0.00643133
0.00273224
0.00553452
0.00408898
0.00247857
0.00334205
0.00555824
0.00485437
0.00415053
0.00398599
0.0062167
0.00484312
0.00420845
0.00372393
0.00383546
0.00541932
0.00564455
0.00461066
0.00512551
0.00555633
0.00641735
0.00495926
0.00537804
0.00616095
0.00363108
0.00469239
0.00411289
0.00207263
0.00335696
0.00428336
0.00259965
0.00576117
0.00670827
0.00453741
0.0030689
0.00491433
0.00624486
0.00332447
0.00703989
0.00426859
0.00323947
0.00242588
0.00406082
0.00405051
0.00495575
0.00497456
0.00686813
0.00577
0.00438289
0.00418301
0.00318054
0.00434091
0.00313864
0.00477967
0.00268546
0.00203978
0.00251767
0.00656234
0.00370899
0.00526489
0.00356845
0.0062592
0.00356577
0.00566937
0.00338737
0.00405327
0.00338036
0.00228852
0.00123285
0.00709939
0.00677074
0.00508806
0.00461561
0.00514817
0.00336752
0.00442543
0.00263296
0.00537841
0.0035461
0.00397614
0.00301971
0.00519302
0.00349561
0.00606644
0.00567626
0.00762195
0.002637
0.00333333
0.00587879
0.00467797
0.00313409
0.00489869
0.0051713
0.00537942
0.00311526
0.00299973
0.00371105
0.00231311
0.00316623
0.00379075
0.00365865
0.00511866
0.00328084
0.00339592
0.00483276
0.00257872
0.00179426
0.00310093
0.00422427
0.00489289
0.00583942
0.004932
0.00367321
0.00297562
0.00345304
0.00229113
0.00166038
0.0048185
0.00393378
0.00385871
0.00427763
0.0043841
0.00612952
0.00484362
0.00462072
0.00601535
0.00691643
0.00408605
0.00500638
0.00281077
0.00758903
0.00397219
0.00427198
0.00517054
0.00424599
0.00283379
0.00418605
0.00222222
0.00259047
0.00305595
0.00525429
0.00511408
0.00549039
0.00501002
0.0029235
0.00392112
0.00486517
0.00421852
0.0064661
0.00233572
0.00446957
0.00570234
0.00607944
0.00264706
0.00475262
0.00285994
0.0034458
0.00211327
0.00319262
0.00328048
0.00606599
0.00514344
0.00545531
0.00612479
0.00374813
0.00380313
0.00616059
0.00547795
0.00742638
0.00770473
0.0084317
0.00396341
0.00406565
0.0059585
0.00406596
0.00494302
0.0065774
0.00588608
0.00662607
0.00469274
0.00505433
0.00338055
0.00429569
0.00606695
0.00318949
0.00673976
0.00402865
0.00466392
0.00478164
0.0037746
0.00406174
0.00615581
0.00553853
0.00256849
0.00439601
0.00501179
0.0042366
0.00518197
0.00587248
0.00324949
0.00434848
0.0045082
0.00739166
0.00329341
0.00448729
0.00360639
0.0037234
0.00515002
0.00547177
0.00563287
0.0045067
0.00648508
0.00416898
0.00356633
0.00601726
0.003386
0.0036846
0.00337195
0.00464962
0.00619718
0.00278784
0.00260521
0.00509613
0.00336261
0.00228429
0.00286089
0.00383345
0.00548617
0.00504854
0.00526921
0.00412926
0.00280348
0.0024895
0.00645733
0.00410362
0.00558503
0.0033083
0.00586756
0.00254752
0.00541872
0.00450523
0.00337235
0.00394259
0.00302572
0.00397022
0.00500509
0.0035769
0.00359497
0.00570578
0.00483471
0.00359766
0.00519481
0.00484941
0.00442138
0.00702323
0.00459374
0.00617036
0.00476908
0.00266075
0.00381624
0.00316027
0.00339337
0.00789558
0.00443643
0.00603622
0.00658762
0.00485844
0.00458034
0.00389335
0.00253499
0.00319131
0.00512315
0.00510025
0.00316368
0.00619082
0.00506042
0.00523152
0.00419013
0.00263689
0.00315989
0.00896552
0.00276702
0.00500109
0.00491327
0.00198544
0.00466408
0.00252027
0.00624379
0.00440529
0.00351288
0.0045051
0.0056438
0.00504032
0.00680114
0.00648579
0.0026445
0.00422564
0.00632911
0.00472872
0.00406504
0.00340861
0.00418675
0.00376995
0.0043078
0.00646343
0.00410716
0.00495099
0.0036635
0.00594228
0.00266834
0.00460533
0.00366146
0.00300661
0.00899808
0.00460914
0.00603833
0.00471932
0.00426513
0.00793111
0.0058309
0.0035447
0.00402754
0.00446642
0.00603236
0.00658241
0.00473701
0.00674043
0.00588053
0.00305047
0.00513746
0.00321543
0.00724904
0.00354442
0.00507236
0.00599129
0.00388972
0.0080352
0.00314427
0.00551041
0.00725514
0.00460951
0.0033137
0.00303797
0.00545571
0.00313161
0.00498836
0.00611154
0.00540037
0.00640886
0.00435109
0.00436983
0.00458375
0.00703125
0.00444033
0.00624566
0.00497271
0.00399042
0.00380987
0.00489542
0.00561927
0.00416338
0.00283405
0.00726351
0.00408059
0.00401606
0.00618375
0.00372301
0.0044452
0.00673226
0.00487541
0.00515401
0.00502513
0.00501375
0.00602503
0.00651361
0.00651005
0.00340681
0.00498493
0.00378244
0.00435866
0.00720288
0.00345523
0.00705448
0.00432152
0.00233954
0.00397448
0.00384193
0.00446386
0.00327869
0.00438312
0.00300331
0.00335144
0.00507764
0.00571029
0.00287657
0.00498931
0.00476853
0.00234302
0.00353156
0.00695444
0.00270514
0.00456349
0.00495686
0.00429185
0.00381629
0.00324728
0.00435756
0.00601391
0.003367
0.00304337
0.00583691
0.00394737
0.00368063
0.00370703
0.00670744
0.0040493
0.00552283
0.0034946
0.004004
0.00359135
0.00596926
0.00374452
0.00494049
0.00364697
0.00670257
0.00243902
0.00243974
0.00361228
0.00390371
0.00387821
0.00412044
0.00794781
0.00240204
0.0029999
0.00681763
0.00332226
0.00316187
0.00323339
0.0032171
0.00444868
0.0031424
0.00168553
0.00349933
0.00437431
0.00265453
0.00258565
0.00293667
0.00458716
0.00339229
0.00267417
0.00238459
0.00279062
0.00214258
0.00411644
0.00407797
0.00484439
0.0020607
0.00400996
0.00430582
0.0032097
0.00339339
0.00217698
0.00233845
0.00422969
0.00463629
0.00520725
0.00233473
0.00439611
0.00219582
0.00433038
0.0043375
0.0033146
0.00293586
0.00320256
0.00382808
0.00350877
0.00422883
0.00390081
0.00568343
0.00354206
0.00462278
0.00367737
0.00552956
0.00337485
0.00721154
0.00523069
0.00219512
0.00291448
0.00598672
0.00322165
0.0038065
0.00537755
0.00382503
0.00748179
0.00340078
0.00497874
0.00388015
0.00222508
0.00483318
0.00540541
0.00486014
0.00440705
0.00424428
0.00243287
0.00292332
0.0020995
0.00769331
0.00324573
0.00387538
0.00535377
0.00629787
0.00473588
0.00319081
0.00447734
0.00297939
0.00562001
0.00335066
0.004476
0.00447055
0.00271248
0.00683642
0.00377392
0.00461389
0.00275187
0.00444444
0.00186413
0.00242782
0.00725231
0.00382482
0.00440844
0.00448755
0.00213869
0.00271411
0.00557491
0.00406057
0.00384047
0.00355595
0.00364388
0.00447967
0.00357228
0.00354251
0.00284998
0.00392521
0.00386883
0.0056243
0.00391066
0.00468217
0.00496949
0.00429404
0.00327017
0.0031115
0.00360861
0.00402019
0.00224304
0.00242655
0.0039261
0.00379559
0.00368696
0.00360562
0.00368039
0.00264434
0.00319958
0.00232427
0.00269372
0.00342411
0.00285275
0.00328767
0.00436166
0.00306748
0.00555393
0.0021215
0.00390554
0.00324783
0.0036381
0.00296033
0.00360181
0.00390117
0.00322997
0.00346044
0.00285608
0.00404494
0.00319631
0.00317264
0.00456366
0.00295576
0.00347506
0.00299304
0.00360051
0.00313291
0.00295234
0.00267094
0.0029191
0.00255247
0.00406028
0.00432612
0.00394391
0.00384903
0.00373921
0.00539915
0.00302445
0.00416344
0.00511322
0.003
0.00359943
0.00370519
0.00397698
0.00387728
0.00365556
0.0039267
0.00237288
0.00513779
0.00420865
0.00293021
0.00288965
0.00354191
0.00359281
0.00332934
0.00360639
0.00331094
0.00358709
0.00647452
0.00474646
0.00426068
0.00690425
0.00404425
0.00328131
0.00303786
0.00354568
0.00539447
0.0041908
0.00519248
0.00374614
0.00445123
0.00382667
0.00440529
0.00224363
0.00320887
0.00320807
0.00307096
0.00491789
0.00275762
0.0029656
0.00420552
0.00396072
0.00225981
0.0031034
0.00407895
0.00472498
0.00271003
0.00324986
0.00558195
0.0038625
0.00433018
0.002799
0.00547009
0.00186099
0.00568245
0.00337106
0.00686322
0.00395693
0.00649087
0.00497034
0.00256548
0.00432105
0.00568916
0.00380148
0.00539234
0.00256033
0.00343866
0.00488627
0.00390103
0.00221996
0.0035183
0.00303582
0.00262214
0.00286826
0.00380912
0.00274646
0.00504337
0.00423019
0.00283781
0.00257202
0.00370263
0.00338534
0.00439802
0.00401383
0.00405157
0.00255304
0.00520573
0.00331844
0.00520487
0.00205211
0.00385414
0.00518652
0.00504819
0.00336889
0.0038739
0.00374736
0.00625118
0.00579815
0.00430169
0.00332436
0.00630664
0.00346487
0.00560793
0.00363259
0.0025102
0.00299526
0.00106133
0.00441335
0.00371491
0.00404339
0.00207214
0.00446399
0.00272023
0.00251871
0.00993109
0.00560623
0.00327761
0.00486349
0.0037755
0.00407838
0.0039905
0.00568627
0.00601062
0.00427572
0.00456929
0.00449214
0.00324906
0.00133283
0.00723826
0.00191046
0.00548747
0.00441664
0.0025731
0.00330209
0.00272162
0.00376749
0.0050883
0.00274662
0.00231734
0.00247185
0.00490824
0.00147171
0.00493952
0.00571654
0.00538834
0.00231849
0.00826239
0.00238182
0.00414501
0.00209435
0.00475961
0.00373877
0.0055547
0.00316141
0.00370142
0.00467435
0.00239499
0.00673055
0.00421141
0.00194286
0.00221988
0.0031716
0.0060284
0.00202712
0.00538707
0.0015425
0.0040998
0.00712051
0.00474991
0.0037008
0.00342629
0.00162488
0.00099194
0.00556926
0.00489168
0.00200767
0.00449055
0.00110882
0.00513555
0.00251036
0.00431003
0.00292923
0.00482251
0.00304372
0.00178155
0.00289694
0.00395778
0.00248396
0.00426274
0.00598668
0.00271584
0.00539692
0.00489025
0.00558411
0.00290045
0.00417889
0.00697107
0.00251142
0.00120115
0.00193249
0.00287829
0.00138773
0.00201005
0.00155869
0.00448189
0.00237841
0.00340995
0.00164377
0.0040273
0.00242623
0.0026036
0.0035978
0.00304453
0.00513859
0.000671592
0.00205433
0.00503931
0.00209797
0.00454377
0.00364491
0.00126422
0.00172557
0.00198649
0.00156325
0.00126297
0.00388727
0.00139082
0.00234484
0.00363825
0.00115068
0.000360317
0.00287551
0.00217865
0.00246597
0.00255202
0.00148738
0.00329942
0.00265833
0.00277367
0.00299559
0.000249221
0.00192703
0.00231505
0.0018378
0.00133333
0.00346789
0.00155899
0.0032722
0.00448225
0.00252745
0.000848303
0.00115632
0.00680934
0.00140393
0.00186306
0.00173976
0.00209096
0.0037065
0.00155801
0.00349291
0.00366698
0.00138512
0.00182927
0.00230909
0.00174196
0.00293862
0.00275314
0.00175683
0.0030015
0.000846479
0.00232799
0.00139909
0.00232697
0.00277502
0.00383907
0.00104429
0.00168302
0.00139925
0.00185028
0.00105946
0.00125589
0.00560224
0.0012872
0.000769315
0.00130847
0.00169635
0.00285932
0.00288772
0.00416723
0.00123178
0.0016489
0.00137697
0.00214251
0.00117989
0.002457
0.000573285
0.00146612
0.00198387
0.00163804
0.00149978
0.00180038
0.00120048
0.00368437
0.00220967
0.00166176
0.0019527
0.00280505
0.00401875
0.00283688
0.00190137
0.00066385
0.00268867
0.00100973
0.00406321
0.00319081
0.00365645
0.00195661
0.00103343
0.00197381
0.00146346
0.0021294
0.00322321
0.00286779
0.00328693
0.00204878
0.00265036
0.00125556
0.00206157
0.00238837
0.00110724
0.00131245
0.0016852
0.00131948
0.00128229
0.00192891
0.000824006
0.00173762
0.00111732
0.00140554
0.00204855
0.00139242
0.00127644
0.00149934
0.00274678
0.00211958
0.00228804
0.00190549
0.00232605
0.0013893
0.00267686
0.00201644
0.00149656
0.00382938
0.000870755
0.00120274
0.00198173
0.00251819
0.00157371
0.00153728
0.00129101
0.00180771
0.0013986
0.00347264
0.00176069
0.000879336
0.00237112
0.00121093
0.00102254
0.00156033
0.00212585
0.0010313
0.00187178
0.00160053
0.0026411
0.00146693
0.00196464
0.00120928
0.00418994
0.00214856
0.00204035
0.00227498
0.00156353
0.000723508
0.00219334
0.00329846
0.00184764
0.00192292
0.0012657
0.00228335
0.00228595
0.00168857
0.00125502
0.00141093
0.00422675
0.00304903
0.00086881
0.00337734
0.00138636
0.00155039
0.0027022
0.00200083
0.00109428
0.00321906
0.00160278
0.00232428
0.00286078
0.00328969
0.00273703
0.00281175
0.00110663
0.000749656
0.00151419
0.00120093
0.00149063
0.001215
0.00155577
0.000985815
0.00176803
0.0013587
0.00089911
0.00128963
0.00156451
0.00174368
0.00287329
0.00100274
0.00148687
0.0023664
0.000855038
0.00125096
0.00211988
0.0042624
0.00145328
0.00251024
0.00183414
0.00140187
0.00121562
0.00222825
0.00321543
0.00179651
0.00221566
0.00266072
0.00196915
0.00164045
0.00137845
0.00192423
0.00061292
0.00165163
0.00153757
0.000600601
0.00296103
0.00124678
0.00125634
0.00129995
0.00102582
0.00146284
0.000785714
0.00194609
0.00185085
0.000845199
0.00211331
0.00149701
0.0018777
0.00117693
0.00146123
0.00310528
0.00153976
0.00246674
0.00267465
0.00225243
0.00155537
0.0024978
0.00104895
0.00143556
0.00203214
0.00144494
0.00136178
0.00253444
0.00199115
0.00127505
0.00147674
0.00177532
0.00186476
0.00190052
0.00139447
0.00202079
0.00184396
0.00328979
0.00106335
0.00135372
0.00248845
0.00135369
0.00135274
0.00309614
0.0040043
0.0013308
0.0018358
0.00255959
0.000829016
0.00108748
0.00152323
0.0011147
0.00141851
0.00120116
0.00264687
0.00139324
0.00105042
0.001437
0.00135984
0.00156781
0.00106724
0.00192479
0.00132118
0.000812898
0.00309423
0.00299269
0.00348657
0.00133376
0.00199685
0.00121556
0.000805932
0.00128866
0.00293772
0.00270547
0.00202623
0.00245386
0.000732422
0.00369166
0.00178323
0.00257668
0.00165609
0.00192913
0.00125819
0.00261471
0.00139346
0.0016468
0.00238873
0.00339321
0.00118807
0.00193031
0.00136091
0.00262214
0.00150751
0.00196282
0.0021896
0.00137566
0.00150116
0.00235738
0.00197218
0.00111982
0.00113472
0.00193541
0.00198873
0.00291576
0.00195557
0.00263625
0.00174711
0.000976835
0.00146612
0.00297148
0.00115079
0.000952431
0.00179856
0.00127126
0.0028314
0.00151553
0.00213823
0.00197644
0.000980777
0.00206881
0.00114248
0.00145349
0.00273507
0.00266729
0.000686248
0.00261666
0.0010235
0.00246427
0.00209669
0.00123026
0.00165452
0.00170499
0.00223971
0.00161352
0.00201522
0.00257574
0.0013855
0.00381221
0.00163617
0.00103912
0.00229248
0.00349928
0.00157552
0.00203927
0.00235131
0.00152754
0.00280488
0.00252159
0.0027007
0.00157271
0.000649351
0.00137262
0.00173193
0.00186736
0.00303153
0.00420168
0.00260227
0.00203216
0.00381988
0.00185005
0.00299171
0.00156372
0.00200188
0.00191939
0.00100444
0.0013349
0.00111125
0.00228983
0.00190006
0.00282571
0.0026644
0.00290186
0.00252755
0.00243614
0.00114994
0.00336559
0.00273723
0.000552656
0.00316201
0.00236755
0.00158097
0.00253562
0.00128844
0.00306263
0.00222684
0.0021714
0.0010453
0.00148774
0.00264725
0.00301122
0.00117308
0.00193175
0.00208209
0.00205973
0.00107662
0.00356851
0.00153323
0.00435133
0.00296651
0.00119417
0.00208632
0.00197087
0.00201762
0.00277416
0.00218684
0.00262058
0.00170829
0.00213285
0.0028788
0.00345011
0.00280269
0.00250694
0.0028135
0.00294638
0.00253293
0.00280702
0.00271684
0.00170608
0.00386761
0.00243632
0.00631096
0.00271973
0.00459287
0.00339645
0.00266225
0.00275651
0.00530747
0.00236278
0.00293624
0.00222896
0.00315617
0.0046552
0.00386718
0.00169742
0.00208185
0.00299031
0.00184602
0.00219221
0.00133814
0.00243161
0.00143665
0.00223335
0.00228592
0.00325038
0.00189155
0.001962
0.00270559
0.00344895
0.00279395
0.0026391
0.00260247
0.00145755
0.00208619
0.00698487
0.00368982
0.00247239
0.0024854
0.00216609
0.00409578
0.00171681
0.00589062
0.00212841
0.000843882
0.00199045
0.00189602
0.00282631
0.00313831
0.0021731
0.00478346
0.00281237
0.00148971
0.00127121
0.00251256
0.00190074
0.00318846
0.00233032
0.0016538
0.00242529
0.00124922
0.00194691
0.00234104
0.00189084
0.00334327
0.00086214
0.00170161
0.00236436
0.00215468
0.00231133
0.00334352
0.00262994
0.00219102
0.00220426
0.00216685
0.00380409
0.00169396
0.00235952
0.00174479
0.00185581
0.00247831
0.00454486
0.00128561
0.00195916
0.00160758
0.00312556
0.00137273
0.00296339
0.00187227
0.0011189
0.00107162
0.0014806
0.00371832
0.00508415
0.00298079
0.00263493
0.00159371
0.00139113
0.00242377
0.00225882
0.00118019
0.00241049
0.00183371
0.00200844
0.00134851
0.00144776
0.00349367
0.00145458
0.00269542
0.00267329
0.00256029
0.000741913
0.00263445
0.00102731
0.000621725
0.00165649
0.00136831
0.00268732
0.00123668
0.0013552
0.00215961
0.00147002
0.00192864
0.00246071
0.00172536
0.00153506
0.00247508
0.000839823
0.00418003
0.00136639
0.00133035
0.00209087
0.00110335
0.00070028
0.00165785
0.0010627
0.00146984
0.00195312
0.00164865
0.00341556
0.00257732
0.00220236
0.0007094
0.00215783
0.00227402
0.00126916
0.00266049
0.0010221
0.00169377
0.00204323
0.00130397
0.00160514
0.0015731
0.00156714
0.000623474
0.00220441
0.00104227
0.00152921
0.00243605
0.00120874
0.00146265
0.00231413
0.00156763
0.000898257
0.000697026
0.000759349
0.00186186
0.00279464
0.00230474
0.00237143
0.000913435
0.00435628
0.00269509
0.000935344
0.0016299
0.00334736
0.00158721
0.00217116
0.00203252
0.00334419
0.00219916
0.0015943
0.00304646
0.00277439
0.00178046
0.00168445
0.00603236
0.00100901
0.00292969
0.00377205
0.00382409
0.00116884
0.00205189
0.00231317
0.000852235
0.0011919
0.00634456
0.00129007
0.00145757
0.00403966
0.00263296
0.00225295
0.00231174
0.00182459
0.00173324
0.00227212
0.000934848
0.000662778
0.00241342
0.00242689
0.000831621
0.00205973
0.000427481
0.00196603
0.00162772
0.00119126
0.00154548
0.00311596
0.00103306
0.000816141
0.00162379
0.00200114
0.00193955
0.00171999
0.000387537
0.000636639
0.00136213
0.000515907
0.00118644
0.00130435
0.00241963
0.00132117
0.00201668
0.00154994
0.000606346
0.000977963
0.00204257
0.00152383
0.00189655
0.00129143
0.00109409
0.00330251
0.00325367
0.0020074
0.00132478
0.00305188
0.00253165
0.0012497
0.00247165
0.00109981
0.000759763
0.000427899
0.000616661
0.00274671
0.00134602
0.00118228
0.00181184
0.00148468
0.00156986
0.00132152
0.00051455
0.000471624
0.00118455
0.00143062
0.000813559
0.00143164
0.00229265
0.00150088
0.000339575
0.00280469
0.00248235
0.000662611
0.00073438
0.000570865
0.000724188
0.00174479
0.00129418
0.00141844
0.000539291
0.00158122
0.000617665
0.000241153
0.00150754
0.00114054
0.000525376
0.00171682
0.00218739
0.00140595
0.000731596
0.000598229
0.00187753
0.00107938
0.00152072
0.000539811
0.00074096
0.00162939
0.000651713
0.0020562
0.000419835
0.00270865
0.00266032
0.000864803
0.00153037
0.00267721
0.00102118
0.000729288
0.000879559
0.000529341
0.00168656
0.00074031
0.000679942
0.000949292
0.00231626
0.000832342
0.000721501
0.000673068
0.00051581
0.00232419
0.00147779
0.00106859
0.0019413
0.00124141
0.000701098
0.00246434
0.000988257
0.000687876
0.00120048
0.00117509
0.000412699
0.00117811
0.000762016
0.00263403
0.00121599
0.000661495
0.000851305
0.00248874
0.00180886
0.00170269
0.00115214
0.000498218
0.00106971
0.00241303
0.00124593
0.000449262
0.000550055
0.000899483
0.00110421
0.000745268
0.00123107
0.000923873
0.00206388
0.000796263
0.000583988
0.00208692
0.000722096
0.000958685
0.000864803
0.00305949
0.000829359
0.000864816
0.000911458
0.00135222
0.00071939
0.000762631
0.000960279
0.00143816
0.00088199
0.00122392
0.000624064
0.000595206
0.00199188
0.000598751
0.000560643
0.000390358
0.000538052
0.000803301
0.000620318
0.000930406
0.00137907
0.000361547
0.000889075
0.00143454
0.00077152
0.000541979
0.000708717
0.000489184
0.0013588
0.000990371
0.000587298
0.000582343
0.00203432
0.00118031
0.000757914
0.000579906
0.00115808
0.00158558
0.00061627
0.00102215
0.00117809
0.00148506
0.000476417
0.00195695
0.000706433
0.000783699
0.000823045
0.000663313
0.000565707
0.000430547
0.00041446
0.000810931
0.000868109
0.00184341
0.00219298
0.00100902
0.000565329
0.00104341
0.000982841
0.00068937
0.000526593
0.000347685
0.00160532
0.000798651
0.00265465
0.000452226
0.000911775
0.000867708
0.000473934
0.000567988
0.000949925
0.00169972
0.00128077
0.000923432
0.00123615
0.000591716
0.00195695
0.000767591
0.00190058
0.000980127
0.00114613
0.00234509
0.000753498
0.000375006
0.00123907
0.00192891
0.000889528
0.0010277
0.000417611
0.0010031
0.00152066
0.000933774
0.00191439
0.00119796
0.00165029
0.00116178
0.00066157
0.00123799
0.00146991
0.0014181
0.000848576
0.00169858
0.00190966
0.000872125
0.00241521
0.00111579
0.00172852
0.000960246
0.0010467
0.000799477
0.000853971
0.00102243
0.00142318
0.00165302
0.000748103
0.000698945
0.000675619
0.000573277
0.00149781
0.000191669
0.000713498
0.00268519
0.000935454
0.0021875
0.000424011
0.000756389
0.00155252
0.0014513
0.00215526
0.000993158
0.000468092
0.000894418
0.00084079
0.00104241
0.00194542
0.00241546
0.00161786
0.000749376
0.00205774
0.00178711
0.0011509
0.00120363
0.00155869
0.00159534
0.000990192
0.00313823
0.00557025
0.000723779
0.00177323
0.00157233
0.00143964
0.000631233
0.000950201
0.000405289
0.000878594
0.000950354
0.00174683
0.00134322
0.000629933
0.000576768
0.00067891
0.00142802
0.00104942
0.000532765
0.00065562
0.00109311
0.00129447
0.000806854
0.00111144
0.000833658
0.0013481
0.000515493
0.000803415
0.000792979
0.00114504
0.000443853
0.000607165
0.00185201
0.00135206
0.000566412
0.00120395
0.000451759
0.00063942
0.000605983
0.000750939
0.00258813
0.000811381
0.00184426
0.000604804
0.00155206
0.00135724
0.00116603
0.000558711
0.000470035
0.00104955
0.000509742
0.000701728
0.000534855
0.0007495
0.00070529
0.0012939
0.00126574
0.000645109
0.00163666
0.000801346
0.00122521
0.000489853
0.00111243
0.00253501
0.00130415
0.000544986
0.000546971
0.00114312
0.000372733
0.000171468
0.00055348
0.000613497
0.00250777
0.000618135
0.000445071
0.000492264
0.00096041
0.000996738
0.00100604
0.00127477
0.0014968
0.000923092
0.000652015
0.000799467
0.000507815
0.00106755
0.000515706
0.00133306
0.000833211
0.000702479
0.000434712
0.00177403
0.00167812
0.000627696
0.00174267
0.00299088
0.002155
0.000765426
0.000936549
0.00110627
0.00216052
0.000789235
0.00121586
0.00177798
0.000324717
0.000460444
0.00180951
0.00121529
0.000552392
0.000912825
0.000604887
0.00111524
0.00116245
0.00100324
0.00195178
0.000656563
0.000994732
0.000722626
0.000715215
0.000770179
0.00111569
0.000990214
0.000489302
0.0017657
0.000605302
0.000744048
0.00105316
0.000477707
0.00194369
0.00141998
0.00175131
0.00102754
0.000895776
0.000801563
0.000523792
0.000689655
0.00109981
0.00117581
0.000360462
0.00125343
0.000713485
0.00131766
0.000670522
0.000461894
0.000877142
0.000734817
0.00175719
0.000774593
0.000773605
0.000343918
0.00128553
0.000622665
0.000747255
0.00078755
0.000896057
0.000741462
0.00164713
0.000751534
0.000295792
0.00115618
0.00084515
0.00129253
0.000377572
0.000309133
0.000756668
0.00185529
0.000573888
0.000358081
0.00121476
0.00172814
0.000720605
0.00125135
0.000666578
0.00112553
0.0016226
0.00130087
0.000568123
0.000469792
0.000655938
0.00107479
0.00113507
0.000843197
0.00254417
0.000806627
0.000480307
0.00114314
0.00134105
0.00141373
0.000638774
0.00135792
0.0012046
0.00281492
0.00166127
0.00143568
0.000677937
0.000970222
0.000499002
0.000445151
0.000826412
0.000951022
0.000218112
0.00149238
0.00165852
0.00090036
0.000601882
0.000922388
0.00158414
0.00093214
0.00330033
0.000338945
0.00155607
0.000930789
0.000706428
0.000410264
0.00107759
0.000637511
0.000733743
0.000267237
0.000597639
0.00138427
0.00112324
0.000415196
0.000383597
0.002812
0.00133077
0.00155742
0.000523031
0.000447665
0.000574763
0.00138018
0.00113715
0.000257353
0.00105862
0.00136495
0.000476872
0.000976118
0.000667067
0.00169477
0.000738471
0.00151167
0.00249643
0.000939714
0.00100281
0.00117313
0.000888395
0.0009782
0.00143618
0.000714413
0.000917108
0.000767544
6.09868e-05
0.00114072
0.000216896
0.000188377
0.00169348
0.000354421
0.00121965
0.000895599
0.00168202
0.000506457
0.00141486
0.000808994
0.000282436
0.000348953
0.000573454
0.000922609
0.00221556
0.000848794
0.0018684
0.00124288
0.000337382
0.000154238
0.000921706
0.000685376
0.000758294
0.000693001
0.00186346
0.000627353
0.000383125
0.000992063
0.000624359
0.00105756
0.000471143
0.000605694
0.000570668
0.00129478
0.00145666
0.000494259
0.000570751
0.000629164
0.000861491
0.00125979
0.00116162
0.00037886
0.000324359
0.000799105
0.000612089
0.00164636
0.000569801
0.000310909
0.000414164
0.00164998
0.000878928
0.000538748
0.00163954
0.000356543
0.000385134
0.000657493
8.90393e-05
0.00103199
0.000308846
0.000658728
0.00119726
0.000442692
0.00255793
0.00108445
0.000203511
0.000792629
0.000431034
0.000457323
0.00131706
0.000436753
0.000614079
0.00102624
0.000447391
0.000381555
0.000764487
0.00112555
0.000300275
0.000570044
0.00078232
0.00042107
0.000352783
0.000396642
0.00128469
0.000677405
0.000375622
0.000606359
0.00048167
0.00125569
0.000434943
0.00168713
0.000394945
0.000358295
0.000589692
0.000450425
0.000579617
0.000751271
0.000230827
0.000318269
0.000531027
0.000385813
0.000188062
0.000459242
0.00058635
0.00100629
0.000251648
0.0010706
0.000788333
0.00026801
0.000420809
0.000980049
0.000634317
0.000356343
0.00090843
0.000757882
0.000739695
0.000875561
0.000188368
0.000188253
0.000559409
0.000514968
0.000310328
0.000319562
7.8855e-05
0.00137595
0.00105291
0.000737947
0.000222561
0.000479821
0.00021104
0.000216205
0.000223294
0.000419976
0.000649878
0.000189581
0.000634965
0.000956404
0.000373453
0.000489581
0.000710328
0.000329511
0.000361424
0.000590034
0.000270027
0.000584112
0.000518269
0.000282466
0.000279769
0.000100898
0.000113097
0.000614251
0.000309298
0.000355013
0.000840841
0.00104085
0.000190214
0.000310909
0.0012415
0.000394633
0.000994459
0.000183675
0.000192123
0.000574812
0.0004475
0.00153531
0.000349113
0.000825659
0.000256684
0.000194175
0.000273411
0.000196741
0.000539464
0.000511858
0.000381886
0.000580346
0.000384172
0.000228563
0.00032078
0.000288827
0.000365013
0.00055605
0.000121286
0.000178126
0.000370995
0.000452523
0.000315942
0.000331333
0.000301311
0.000461828
0.000306396
0.000395153
0.00021157
0.000283166
0.000682827
0.00157798
0.000180848
0.000109389
0.000136696
0.000345722
0.000385386
7.19424e-05
0.000411083
0.000289788
0.000749224
0.000386079
0.00047805
0.000173205
0.000398026
0.000116302
0.000185708
0.000347395
0.000324992
0.000323176
0.000972087
0.000259943
0.000132868
0.000315575
0.000360321
0.000775695
0.00019094
0.000241439
0.000151428
0.000236319
0.00109806
0.000280592
0.000191083
0.000117363
0.000184857
0.000347991
0.00021189
0.000164953
0.000499251
0.000291441
0.00014892
0.000484522
0.00014951
0.000195532
0.000204727
0.000546274
0.000469467
0.000380638
0.000266117
0.000837277
0.00137808
0.00041742
0.000413368
0.00035591
3.73483e-05
0.000586424
0.000268025
0.00036572
0.000278638
0.00025286
0.000225008
0.000885068
0.0003563
0.000590095
0.00037639
0.000321399
0.000238932
0.00023494
0.000354122
0.000282159
0.000864364
0.000221877
0.00097038
0.000419474
0.000287946
0.000592768
0.000258036
0.000550777
0.000187942
0.000985707
0.000284728
0.000119
0.000229121
0.00036362
0.000751708
0.000255297
0.000195111
0.000463768
0.000231455
0.000406339
0.000815727
4.75703e-05
0.000244141
0.00016358
0.000441661
0.000685505
0.000241818
0.000243734
0.000870721
0.000564448
0.000231696
0.000294782
0.000147303
0.000300975
0.000264012
0.000128205
0.000325232
0.000331199
0.000252908
0.00022477
5.39695e-05
0.000277921
0.000182732
0.00134926
0.000668409
0.00024665
0.00035865
0.000327761
0.000491014
0.00031597
8.40101e-05
0.000231235
0.000325669
0.000187758
0.000196342
3.10049e-05
0.000283696
0.000242962
0.000347316
0.000102856
0.000384084
0.000153468
0.000266205
0.000103695
0.000339397
0.000423594
0.000106889
0.000544761
0.000200387
0.000252343
4.22333e-05
0.000384898
0.000295121
0.000315939
8.79121e-05
0.000161494
0.000222107
0.000270831
0.000199792
0.000354208
0.000136135
8.40972e-05
0.000463043
0.000321947
0.000103523
0.000187091
0.000376354
0.000315615
0.000265221
0.000512194
9.41236e-05
0.000298063
0.000529051
0.00030539
0.000200715
0.000326557
0.00029588
0.000217661
0.000268498
0.00030823
0.00011201
0.000217912
0.000197433
0.000732458
0.000272265
0.000363702
5.27134e-05
0.000131275
0.000161051
0.000305655
0.000325676
0.000243368
0.000397158
0.000292879
0.000347716
0.000288878
0.0001126
0.000292854
0.00039387
0.00036087
0.000207131
7.91797e-05
9.82254e-05
0.000135117
0.0002405
0.000293143
0.000328099
0.00020579
0.000438084
0.000449317
0.000100093
0.00070631
0.000237597
0.000256293
0.000304931
0.000355345
0.000248643
4.14199e-05
0.000172438
0.000193692
0.000102341
0.000134372
0.000116986
0.000222163
0.000452899
0.000361573
0.000189573
0.000200351
0.000159983
0.000231027
0.00030328
7.19606e-05
0.000199654
0.000325215
0.000267752
0.000145226
0.000178781
0.000119451
0.000304734
0.000178779
0.000281283
0.00020635
3.30109e-05
0.000367074
0.000362703
0.000228833
6.53873e-05
0.000238813
0.000290161
0.000207543
0.000247298
0.000171503
0.000187829
0.00077726
0.000406549
0.000121315
0.000510802
0.000128115
0.000134048
0.000320965
0.000254786
0.000172081
0.000232907
0.000188914
0.000171522
0.000283366
0.000218866
0.000360332
0.000125808
0.000324445
0.00038373
0.000188806
0.000115083
0.000210274
0.000305725
0.000202623
0.000195832
0.000312385
0.000192875
0.000112023
0.000468955
0.000106975
0.000309828
0.000128786
