plt , network
0.3593037610650506 ,2000
0.3028314420627024 ,2000
0.3317706659609459 ,2000
0.7689238125055423 ,2000
0.8433925997116771 ,2000
0.7689098973725119 ,2000
0.2833609592284841 ,2000
0.23356350360509698 ,2000
0.615788550377171 ,2000
0.24994303617203076 ,2000
0.7194408766704015 ,2000
0.20400706719257325 ,2000
0.18194352297230054 ,2000
0.7222831902109798 ,2000
0.14656408229389645 ,2000
0.8430954973419587 ,2000
0.7157927649913675 ,2000
0.7689474693876074 ,2000
0.18656457282158853 ,2000
0.7227293316678791 ,2000
0.16802453416049962 ,2000
0.7178323108384458 ,2000
0.5533948927426747 ,2000
0.1628324112358786 ,2000
0.1532999091607854 ,2000
0.7038128476047865 ,2000
0.4157131507235831 ,2000
0.6894790779613307 ,2000
0.19814547904067678 ,2000
0.7689126803588265 ,2000
0.2752738204156319 ,2000
0.2772407038827283 ,2000
0.3975311438278596 ,2000
0.21389866120116904 ,2000
0.28176423055723526 ,2000
0.7689098973725119 ,2000
0.44850266877856104 ,2000
0.7688570244598901 ,2000
0.7688862428021817 ,2000
0.7688931998776677 ,2000
0.5109798139414027 ,2000
0.7689335533983394 ,2000
0.5032177025803793 ,2000
0.31073432990846694 ,2000
0.14812296830109054 ,2000
0.17298954357409035 ,2000
0.6014323898293469 ,2000
0.5568711399925086 ,2000
0.7557633105377063 ,2000
0.7205336982552173 ,2000
0.3829671168910515 ,2000
0.1669049377589415 ,2000
0.7070809468295403 ,2000
0.7689238125055423 ,2000
0.17086974723102935 ,2000
0.37751804216052587 ,2000
0.5118422152268992 ,2000
0.22644114155958095 ,2000
0.4295128208830934 ,2000
0.7198539866564585 ,2000
0.7689238125055423 ,2000
0.3953076316678554 ,2000
0.7689015485344389 ,2000
0.2604817524748067 ,2000
0.09603963285616308 ,2000
0.30918955522156344 ,2000
0.7689377281422323 ,2000
0.709054916641978 ,2000
0.7689140718595384 ,2000
0.1268948796676098 ,2000
0.16740694580012144 ,2000
0.7194113869570564 ,2000
0.8426772082006305 ,2000
0.1605538716739951 ,2000
0.35471853189253283 ,2000
0.07550286203391644 ,2000
0.25725478775387906 ,2000
0.3237753809447676 ,2000
0.7689015485344389 ,2000
0.39579794031421484 ,2000
0.28485255054289316 ,2000
0.2239504912594105 ,2000
0.23845819407081328 ,2000
0.02549056249358536 ,2000
0.3970165526811379 ,2000
0.7195293603181327 ,2000
0.10482381047182958 ,2000
0.19237205155934878 ,2000
0.7689196379127502 ,2000
0.31524589575026046 ,2000
0.33710217487339383 ,2000
0.7688918084524986 ,2000
0.3164688064878597 ,2000
0.41846439763865606 ,2000
0.7689015485344389 ,2000
0.32652618262099076 ,2000
0.3144551546207045 ,2000
0.7689627775575838 ,2000
0.49835783177003967 ,2000
0.39433064969106907 ,2000
0.7689419029314569 ,2010
0.4351405870487012 ,2010
0.7689474693876074 ,2010
0.28032358416389297 ,2010
0.09740514124032516 ,2010
0.40129473988601067 ,2010
0.4879429340964565 ,2010
0.7688987656287042 ,2010
0.7689029399948605 ,2010
0.24172047130681357 ,2010
0.39921299244836683 ,2010
0.4695741110626692 ,2010
0.61034625078894 ,2010
0.5537748839051082 ,2010
0.3025548129177338 ,2010
0.7688987656287042 ,2010
0.7689140718595384 ,2010
0.7689182463918925 ,2010
0.19862930495645625 ,2010
0.7689432945379391 ,2010
0.768897374183391 ,2010
0.39704286018765894 ,2010
0.415405261555603 ,2010
0.5330340236306153 ,2010
0.06886067200726216 ,2010
0.41470623092649106 ,2010
0.4712952997981957 ,2010
0.556869692472362 ,2010
0.4007571891581137 ,2010
0.7687791197358302 ,2010
0.18631587140966763 ,2010
0.2213101317697497 ,2010
0.27836243710085073 ,2010
0.3105895260903932 ,2010
0.31308602698708726 ,2010
0.7704561609655612 ,2010
0.5034961986235859 ,2010
0.7689057229308123 ,2010
0.1261626662226134 ,2010
0.7688570244598901 ,2010
0.329160177531598 ,2010
0.770361170540668 ,2010
0.35615556886602057 ,2010
0.7689363365558978 ,2010
0.7688681549951051 ,2010
0.4125574731224879 ,2010
0.5369759339615979 ,2010
0.7688709376792633 ,2010
0.646246388312786 ,2010
0.23894683026584868 ,2010
0.7689252040465462 ,2010
0.496157694784109 ,2010
0.7689335533983394 ,2010
0.36209030767326394 ,2010
0.3553551273508574 ,2010
0.3432108100356554 ,2010
0.15687275876233722 ,2010
0.6877884276165868 ,2010
0.298081132440014 ,2010
0.4529789804067707 ,2010
0.7689210294386443 ,2010
0.6053529395215365 ,2010
0.35417254077700594 ,2010
0.38445236928756166 ,2010
0.7034180569556298 ,2010
0.7688959827431138 ,2010
0.4583085164924093 ,2010
0.7688862428021817 ,2010
0.20063626128101072 ,2010
0.7689377281422323 ,2010
0.17504174472310938 ,2010
0.7133933370746873 ,2010
0.5295135634880788 ,2010
0.2439159025258182 ,2010
0.2149867603527707 ,2010
0.4739796848108528 ,2010
0.7172944622300933 ,2010
0.7689098973725119 ,2010
0.7688751117432674 ,2010
0.4387236227363836 ,2010
0.3124729035055122 ,2010
0.7688834600072385 ,2010
0.7155593003818816 ,2010
0.5434904881129534 ,2010
0.34655863516991264 ,2010
0.7511938529936388 ,2010
0.5088898415639852 ,2010
0.36088143785501564 ,2010
0.7688904170323655 ,2010
0.5378665078525392 ,2010
0.41843171253045547 ,2010
0.830312294256771 ,2010
0.7689572108797985 ,2010
0.7689140718595384 ,2010
0.2684037729177011 ,2010
0.512373164968988 ,2010
0.3907002062800825 ,2010
0.14663401414392946 ,2010
0.24942618466178257 ,2010
0.013307399073615167 ,2010
0.5132425076972931 ,2020
0.5149578389905515 ,2020
0.6640627368133345 ,2020
0.7689172730678259 ,2020
0.5982865317038281 ,2020
0.30948377279711764 ,2020
0.3585695535572515 ,2020
0.5301306544047331 ,2020
0.6310996120354608 ,2020
0.3238573495018698 ,2020
0.5011749968236234 ,2020
0.4780745627450818 ,2020
0.7689478875406068 ,2020
0.6990857751679538 ,2020
0.6219831298965983 ,2020
0.46978862149642503 ,2020
0.6452764639975508 ,2020
0.7689659790567956 ,2020
0.09840744153361082 ,2020
0.7168062337202507 ,2020
0.49337530155184384 ,2020
0.10445778264481938 ,2020
0.1953404387307729 ,2020
0.6507807590733093 ,2020
0.633231010159695 ,2020
0.7517488876416121 ,2020
0.7689520624303233 ,2020
0.27714001484312084 ,2020
0.7688602253274414 ,2020
0.4517737875699313 ,2020
0.5607370561663906 ,2020
0.1901237428717918 ,2020
0.6076034144561687 ,2020
0.22849054446621317 ,2020
0.25470254378904333 ,2020
0.7688727472770078 ,2020
0.6680630214597099 ,2020
0.5307831335645843 ,2020
0.3333780057755641 ,2020
0.3595443108396869 ,2020
0.7278836734479567 ,2020
0.6512085248179909 ,2020
0.3780968770698551 ,2020
0.13778525986576184 ,2020
0.4728409268109731 ,2020
0.48838786671589124 ,2020
0.614273803510056 ,2020
0.28264281674455133 ,2020
0.6776052454725872 ,2020
0.2513521641787482 ,2020
0.7688532688650309 ,2020
0.16900354091032993 ,2020
0.7688365738688284 ,2020
0.4664717607973422 ,2020
0.2012987890521885 ,2020
0.6093469327692688 ,2020
0.897517580040481 ,2020
0.5287885154163438 ,2020
0.3230975327402237 ,2020
0.4420801974497703 ,2020
0.6253572378575946 ,2020
0.7689075326104267 ,2020
0.035079539854458344 ,2020
0.16517947861567775 ,2020
0.5067702384296902 ,2020
0.7187006232198249 ,2020
0.7689228391542837 ,2020
0.6223530738401898 ,2020
0.8533640757656646 ,2020
0.4753146326149932 ,2020
0.7622670347171832 ,2020
0.7688574427273714 ,2020
0.7653869611672938 ,2020
0.7689103155730733 ,2020
0.7919047541702535 ,2020
0.46182096824688723 ,2020
0.7688991838433559 ,2020
0.5610698596695362 ,2020
0.7688824868531059 ,2020
0.6609093945321819 ,2020
0.2270122747791445 ,2020
0.4431754579498179 ,2020
0.2540481337090362 ,2020
0.44454087378304935 ,2020
0.601353851297615 ,2020
0.39287295031551406 ,2020
0.48494565173433296 ,2020
0.630550681584485 ,2020
0.6877419499016916 ,2020
0.1437667550208479 ,2020
0.3699495214691283 ,2020
0.5070788688583118 ,2020
0.4736665140614418 ,2020
0.6105808050229727 ,2020
0.6172912363529065 ,2020
0.6784477632361376 ,2020
0.7688964009612879 ,2020
0.7463105590606187 ,2020
