0.6972773797338793
0.15733800587557817
0.18362264150943397
0.12052936389049433
0.49882193948769926
0.17104320520631774
0.7729602141908697
0.2214377657292195
0.2331853095947679
0.32477736036156296
0.41705770075172405
0.2319467584290831
0.7707514093780312
0.2436107720476045
0.6985739482355515
0.04447278171404697
0.7730162267138414
0.24372582037790572
0.2583587855741419
0.0501955687266702
0.09679726964211707
0.2668349348329865
0.20857605904613388
0.7730218284126257
0.8252119841718485
0.5035045366024392
0.695829815051889
0.24249859986520736
0.2703202690479879
0.3569542253521127
0.06876150690683577
0.19538282689998546
0.5025969426901965
0.16068485740524086
0.27463301100295096
0.30798396576147563
0.3306775744788262
0.7729378114544595
0.6817629868830146
0.2457871316897174
0.4326065788916642
0.43152507157878733
0.2603692624433697
0.4653490596110934
0.5866710802162639
0.7730428355061488
0.7730428355061488
0.7730428355061488
0.20709152591835991
0.21537235858719983
0.24698955347258814
0.5024536076391279
0.70180764264718
0.39036156025428415
0.12942308910138686
0.679121142036845
0.43465648075679725
0.698698137461368
0.17006680446960845
0.3930230769230769
0.29320401570573684
0.7008985527128061
0.7730302311130275
0.39047000382116925
0.7729812179357121
0.33112084468053526
0.16355674211794985
0.6036300727401465
0.1878474366893144
0.33005068209038063
0.3074779740985027
0.1530747982191756
0.18243460376630888
0.41281055900621116
0.2364672232815595
0.21225364751237993
0.5744783622831938
0.21148377643391986
0.17606376380101724
0.13260764053809238
0.5904844652329562
0.19735180170958658
0.23604692942620742
0.323373417721519
0.08252932938559722
0.4504003332253436
0.37072618563882276
0.21630165309033128
0.164836334776521
0.06419194387523698
0.27937072122888623
0.24819894001000725
0.21427762609931933
