0.7729360000144915
0.33693593678573763
0.3119942089241963
0.27477426606219985
0.448586907208241
0.7729934094919259
0.27503272786777944
0.7729920091593041
0.772999010873149
0.4434842512818724
0.46503070879212083
0.22675270209846277
0.33425357639918774
0.1942989908797725
0.46754598227159316
0.7730200167757574
0.42258462788735035
0.3625466270468483
0.24095929891368137
0.23134107943938254
0.4439636445788367
0.698686062661826
0.4790182254556364
0.1307705104743867
0.7793016644222052
0.773000411231139
0.2331881038075393
0.7746634084703422
0.6230063893088816
0.1733187111921164
0.36507757775369354
0.2467106768471988
0.7729822069730116
0.2870291315187323
0.7730578302775564
0.6924338316009161
0.5989185486041447
0.24705987109324165
0.500166415412025
0.24403608581857342
0.24435917325077738
0.5471648278841355
0.7729528019056763
0.3454803304969787
0.628832483647785
0.33301676628525634
0.31702646682861496
0.05621060418735686
0.2404627215481782
0.21603831758278003
0.2886636096317164
0.4458892214785014
0.2622920024988096
