0.1640884447576764
0.2088603082466321
0.5828192421268983
0.19586667376186462
0.6952605151791424
0.147222448055191
0.05958432837585416
0.772962603346207
0.6912702413841779
0.13119160921379167
0.4852395263606553
0.7272645242296077
0.5370027795960574
0.39336716717767267
0.13538269060079042
0.6017328305587185
0.20472449735233156
0.5113041995725532
0.18742897762826577
0.3606196863542885
0.6863369507041801
0.4185327891322226
0.536897049528844
0.28499008155168615
0.5658284856445862
0.7729570024926091
0.30895755668437336
0.540693580464883
0.7729710047787951
0.774597313669642
0.7729177987899866
0.38993373583524865
0.4566885902849316
0.35451109090745064
0.2883479581505231
0.2582783601990909
0.5596773074181018
0.5844583936128789
0.7729682042809732
0.4730878011174731
0.7729472011941185
0.7729738052969095
0.7729934094919259
0.301959354420681
0.6946838885112169
0.16729342567369707
0.5539899694261813
0.17712857840855317
0.25412351651674353
0.36489554161314985
0.7729331997703103
0.42876206027724373
0.5288963817037622
0.31787527374079233
0.6268626862686268
0.772955602291892
0.264759489420892
0.20420120376957324
0.6081689416818895
0.5914599057587256
