0.6721190644827355
0.5626458368524231
0.7729920091593041
0.7729023984233911
0.7728939984820958
0.2970403114040707
0.770745426432762
0.5884942572566656
0.48803926121244734
0.39919037158333764
0.4646501136321668
0.3998746861219627
0.6897502075716826
0.5360754121606103
0.6638758758103366
0.49609179181097446
0.7842403165597572
0.6187515948957297
0.5356314839927051
0.7375261708886641
0.43743046386639617
0.7814816155718403
0.3801071528742863
0.708982659399362
0.7719099609778166
0.768367649753348
0.07712456890988992
0.30542493192629133
0.6793817509440223
0.3971013191405995
0.5691466393101346
0.7729275993428167
0.43173987648955053
0.1305895108945891
0.13600936176536146
0.7791507898094777
0.27552029632127245
0.6456472384187159
0.5230628271467312
0.773017215922781
0.7547914527406973
0.36547028426195993
0.413159061261869
0.6669687229680019
0.5215413752933475
0.7728967984422407
0.22148075162645087
0.32385219908329377
0.47183888101656957
0.7065339104201127
0.5894214099161468
0.593559146323724
0.7051455314376633
0.5972453303704414
0.7729037984313584
0.5825169559125198
0.7194522636671783
0.7729261992486243
0.6352145814987942
0.5814916904996916
0.5772198965352937
0.6062418715538018
