plt, network
0.6972773797338793 ,2000
0.15733800587557817 ,2000
0.18362264150943397 ,2000
0.12052936389049433 ,2000
0.49882193948769926 ,2000
0.17104320520631774 ,2000
0.7729602141908697 ,2000
0.2214377657292195 ,2000
0.2331853095947679 ,2000
0.32477736036156296 ,2000
0.41705770075172405 ,2000
0.2319467584290831 ,2000
0.7707514093780312 ,2000
0.2436107720476045 ,2000
0.6985739482355515 ,2000
0.04447278171404697 ,2000
0.7730162267138414 ,2000
0.24372582037790572 ,2000
0.2583587855741419 ,2000
0.0501955687266702 ,2000
0.09679726964211707 ,2000
0.2668349348329865 ,2000
0.20857605904613388 ,2000
0.7730218284126257 ,2000
0.8252119841718485 ,2000
0.5035045366024392 ,2000
0.695829815051889 ,2000
0.24249859986520736 ,2000
0.2703202690479879 ,2000
0.3569542253521127 ,2000
0.06876150690683577 ,2000
0.19538282689998546 ,2000
0.5025969426901965 ,2000
0.16068485740524086 ,2000
0.27463301100295096 ,2000
0.30798396576147563 ,2000
0.3306775744788262 ,2000
0.7729378114544595 ,2000
0.6817629868830146 ,2000
0.2457871316897174 ,2000
0.4326065788916642 ,2000
0.43152507157878733 ,2000
0.2603692624433697 ,2000
0.4653490596110934 ,2000
0.5866710802162639 ,2000
0.7730428355061488 ,2000
0.7730428355061488 ,2000
0.7730428355061488 ,2000
0.20709152591835991 ,2000
0.21537235858719983 ,2000
0.24698955347258814 ,2000
0.5024536076391279 ,2000
0.70180764264718 ,2000
0.39036156025428415 ,2000
0.12942308910138686 ,2000
0.679121142036845 ,2000
0.43465648075679725 ,2000
0.698698137461368 ,2000
0.17006680446960845 ,2000
0.3930230769230769 ,2000
0.29320401570573684 ,2000
0.7008985527128061 ,2000
0.7730302311130275 ,2000
0.39047000382116925 ,2000
0.7729812179357121 ,2000
0.33112084468053526 ,2000
0.16355674211794985 ,2000
0.6036300727401465 ,2000
0.1878474366893144 ,2000
0.33005068209038063 ,2000
0.3074779740985027 ,2000
0.1530747982191756 ,2000
0.18243460376630888 ,2000
0.41281055900621116 ,2000
0.2364672232815595 ,2000
0.21225364751237993 ,2000
0.5744783622831938 ,2000
0.21148377643391986 ,2000
0.17606376380101724 ,2000
0.13260764053809238 ,2000
0.5904844652329562 ,2000
0.19735180170958658 ,2000
0.23604692942620742 ,2000
0.323373417721519 ,2000
0.08252932938559722 ,2000
0.4504003332253436 ,2000
0.37072618563882276 ,2000
0.21630165309033128 ,2000
0.164836334776521 ,2000
0.06419194387523698 ,2000
0.27937072122888623 ,2000
0.24819894001000725 ,2000
0.21427762609931933 ,2000
0.1640884447576764 ,2010
0.2088603082466321 ,2010
0.5828192421268983 ,2010
0.19586667376186462 ,2010
0.6952605151791424 ,2010
0.147222448055191 ,2010
0.05958432837585416 ,2010
0.772962603346207 ,2010
0.6912702413841779 ,2010
0.13119160921379167 ,2010
0.4852395263606553 ,2010
0.7272645242296077 ,2010
0.5370027795960574 ,2010
0.39336716717767267 ,2010
0.13538269060079042 ,2010
0.6017328305587185 ,2010
0.20472449735233156 ,2010
0.5113041995725532 ,2010
0.18742897762826577 ,2010
0.3606196863542885 ,2010
0.6863369507041801 ,2010
0.4185327891322226 ,2010
0.536897049528844 ,2010
0.28499008155168615 ,2010
0.5658284856445862 ,2010
0.7729570024926091 ,2010
0.30895755668437336 ,2010
0.540693580464883 ,2010
0.7729710047787951 ,2010
0.774597313669642 ,2010
0.7729177987899866 ,2010
0.38993373583524865 ,2010
0.4566885902849316 ,2010
0.35451109090745064 ,2010
0.2883479581505231 ,2010
0.2582783601990909 ,2010
0.5596773074181018 ,2010
0.5844583936128789 ,2010
0.7729682042809732 ,2010
0.4730878011174731 ,2010
0.7729472011941185 ,2010
0.7729738052969095 ,2010
0.7729934094919259 ,2010
0.301959354420681 ,2010
0.6946838885112169 ,2010
0.16729342567369707 ,2010
0.5539899694261813 ,2010
0.17712857840855317 ,2010
0.25412351651674353 ,2010
0.36489554161314985 ,2010
0.7729331997703103 ,2010
0.42876206027724373 ,2010
0.5288963817037622 ,2010
0.31787527374079233 ,2010
0.6268626862686268 ,2010
0.772955602291892 ,2010
0.264759489420892 ,2010
0.20420120376957324 ,2010
0.6081689416818895 ,2010
0.5914599057587256 ,2010
0.6721190644827355 ,2020
0.5626458368524231 ,2020
0.7729920091593041 ,2020
0.7729023984233911 ,2020
0.7728939984820958 ,2020
0.2970403114040707 ,2020
0.770745426432762 ,2020
0.5884942572566656 ,2020
0.48803926121244734 ,2020
0.39919037158333764 ,2020
0.4646501136321668 ,2020
0.3998746861219627 ,2020
0.6897502075716826 ,2020
0.5360754121606103 ,2020
0.6638758758103366 ,2020
0.49609179181097446 ,2020
0.7842403165597572 ,2020
0.6187515948957297 ,2020
0.5356314839927051 ,2020
0.7375261708886641 ,2020
0.43743046386639617 ,2020
0.7814816155718403 ,2020
0.3801071528742863 ,2020
0.708982659399362 ,2020
0.7719099609778166 ,2020
0.768367649753348 ,2020
0.07712456890988992 ,2020
0.30542493192629133 ,2020
0.6793817509440223 ,2020
0.3971013191405995 ,2020
0.5691466393101346 ,2020
0.7729275993428167 ,2020
0.43173987648955053 ,2020
0.1305895108945891 ,2020
0.13600936176536146 ,2020
0.7791507898094777 ,2020
0.27552029632127245 ,2020
0.6456472384187159 ,2020
0.5230628271467312 ,2020
0.773017215922781 ,2020
0.7547914527406973 ,2020
0.36547028426195993 ,2020
0.413159061261869 ,2020
0.6669687229680019 ,2020
0.5215413752933475 ,2020
0.7728967984422407 ,2020
0.22148075162645087 ,2020
0.32385219908329377 ,2020
0.47183888101656957 ,2020
0.7065339104201127 ,2020
0.5894214099161468 ,2020
0.593559146323724 ,2020
0.7051455314376633 ,2020
0.5972453303704414 ,2020
0.7729037984313584 ,2020
0.5825169559125198 ,2020
0.7194522636671783 ,2020
0.7729261992486243 ,2020
0.6352145814987942 ,2020
0.5814916904996916 ,2020
0.5772198965352937 ,2020
0.6062418715538018 ,2020
