0.6756419360656477
0.5655504012712661
0.7729892085092815
0.6864347134292699
0.7729416005637242
0.4173132286130674
0.26488260330857005
0.4360555529036125
0.13608840936243663
0.4226332170210249
0.3876769203244495
0.4412384356664956
0.42030680317311125
0.6107540813995511
0.5674833307009313
0.4294009353065839
0.7192131469309702
0.43169587113932645
0.7729808066809779
0.6184150290884408
0.132073544433095
0.6061411542002446
0.4586781269631583
0.4920508586000498
0.46423716858041175
0.4286103996781379
0.353576771696565
0.35000453654364305
0.1969548311184515
0.31766471569317073
0.2270102550552387
0.4567086736494221
0.08966187711897124
0.7265102391319636
0.6581545717014328
0.3112246946130427
0.3816930832462873
0.4368023339564857
0.7729542020962477
0.4430558135239017
0.7729864078795531
0.6190547797160882
0.773000411231139
0.6577813866901784
0.3916174837206263
0.269849127994353
0.20253271320818372
0.7051738844655837
0.3279610004303432
0.4421957827839939
0.5405928507655332
0.5103403393979334
0.30732560098081274
0.4657088223002509
0.365950941668542
0.24932151449648673
0.6752493523247276
0.010490124388140391
0.41835335306292193
0.6937978689272979
0.6283010261609587
0.7730200167757574
0.41853012104833925
