plt
0.429127
0.993623
0.995785
0.974039
0.996682
0.965965
0.931138
0.98681
0.81369
1
0.958716
0.98247
0.975421
0.992109
0.97393
0.827643
0.939234
0.920665
0.998039
0.991703
0.975611
0.991592
0.99115
0.935963
0.991458
0.931175
0.992482
0.976397
0.987248
0.994297
0.95208
0.729556
0.861478
0.952702
0.958543
0.998425
0.970062
0.875005
0.936598
0.997905
0.957202
0.999052
0.953584
0.981925
0.266168
0.956273
0.998009
0.999538
0.995231
0.966106
0.830281
0.981732
0.942972
0.99453
0.928905
0.999538
0.936969
0.998377
0.757781
0.998572
0.999538
0.998736
0.94936
0.99691
0.925798
0.980369
0.952549
0.986776
0.994638
0.85767
0.910755
0.941271
0.969939
0.962799
0.943097
0.997815
0.952243
0.938833
0.966527
0.910169
0.975075
0.998433
0.976576
0.999538
0.950119
0.946614
0.873441
0.999538
0.57173
0.91772
0.997428
0.947776
0.980709
0.857944
0.995708
0.706435
0.869554
0.949705
0.938627
0.945501
0.999538
0.999539
0.92337
0.984253
0.999538
0.99857
0.870717
0.841213
0.952429
0.810018
0.98044
0.974841
0.995135
0.85956
0.928884
0.872036
0.9915
0.870941
0.979872
0.907658
0.976443
0.928516
0.797719
0.978921
0.920587
0.99843
0.978019
0.994301
0.999538
0.72114
0.999229
0.993971
0.961324
0.996086
0.999356
0.901337
0.508634
0.951277
0.952937
0.715839
0.967631
0.994075
0.998771
0.689717
0.987503
0.998098
0.995611
0.71064
0.983221
0.96185
0.9892
0.999377
0.931597
0.980051
0.841465
0.954487
0.999538
0.988841
0.995557
0.957053
0.884801
0.99965
0.890691
0.973701
0.993919
0.999538
0.997759
0.949472
0.999538
0.998689
0.996847
0.998104
0.999538
0.946889
0.969996
0.673954
0.985333
0.808759
0.918589
0.994212
0.816731
0.930587
0.983126
0.998064
0.997318
0.972813
0.917215
0.93176
0.971327
0.432489
0.997071
0.913109
0.937678
0.858417
0.904172
0.991713
0.600347
0.647278
0.974905
0.999538
0.941767
0.759204
0.640367
0.951472
0.850384
0.755896
0.979552
0.945175
0.813059
0.549462
0.991934
0.951131
0.996178
0.965463
0.999538
0.955193
0.998971
0.515526
0.596813
0.997674
0.721892
0.984912
0.993654
0.998358
0.935696
0.999009
0.949568
0.99232
0.999538
0.753368
0.958848
0.883953
0.942179
0.71141
0.999544
0.908673
0.962747
0.943148
0.835963
0.991125
0.959667
0.997554
0.803755
0.976783
0.999539
0.996703
0.974842
0.967215
0.992998
0.993907
0.997213
0.983445
0.996703
0.840513
0.967018
0.99531
0.95421
0.947308
0.905057
0.912376
0.931897
0.87066
0.996439
0.991153
0.983971
0.919659
0.941601
0.906041
0.981331
0.825756
0.997686
0.986827
0.95512
0.896182
0.9903
0.977145
0.842274
0.927307
0.841324
0.940979
0.996259
0.944994
0.860633
0.996364
0.963632
0.986947
0.987784
0.928592
0.999538
0.958938
0.992521
0.996991
0.998694
0.894895
0.98664
0.916741
0.791297
0.965254
0.958697
0.845142
0.97276
0.988361
0.931025
0.995605
0.938113
0.935835
0.986923
0.996843
0.957852
0.999924
0.999538
0.999539
0.995384
0.998463
0.996997
0.727326
0.999539
0.937604
0.995171
0.995253
0.999539
0.999539
0.93007
0.966095
0.89643
0.998571
0.992251
0.853243
0.973202
0.999539
0.942043
0.969133
0.937286
0.999539
0.997574
0.998228
0.334516
0.993789
0.979771
0.978242
0.995224
0.951937
0.978958
0.97917
0.84854
0.979931
0.62676
0.999575
0.997044
0.929568
0.949588
0.675684
0.999539
0.967856
0.999539
0.999539
0.89951
0.999539
0.923455
0.965012
0.949028
0.996479
0.824683
0.974148
0.909444
0.997849
0.978732
0.997583
0.996603
0.990223
0.997042
0.998961
0.95459
0.945922
0.908107
0.938925
0.999539
0.829294
0.96655
0.990637
0.777815
0.998229
0.999538
0.428921
0.996566
0.964807
0.648254
0.91813
0.998028
0.943415
0.880463
0.96544
0.967225
0.934621
0.9994
0.838903
0.818365
0.987829
0.773524
0.968171
0.996816
0.869137
0.999539
0.999539
0.9925
0.675829
0.834779
0.916414
0.983512
0.876446
0.997912
0.962318
1
0.882262
0.907688
0.999538
0.896139
0.995599
0.996757
0.998364
0.998717
0.675757
0.997203
0.988048
0.997406
0.8906
0.930865
0.997202
0.990784
0.98994
0.999539
0.98994
0.1882
0.990806
0.971645
0.992198
0.998851
0.904742
0.98049
0.999903
0.995883
0.933461
0.885861
0.871845
0.997779
0.991767
0.998145
0.897628
0.99904
0.813052
0.948475
0.987565
0.168415
0.946608
0.993892
0.964657
0.997922
0.997999
0.997999
0.998302
0.890148
0.974428
0.968595
0.948823
0.999539
0.922353
0.995426
0.968116
0.961429
0.675708
0.697241
0.99918
0.99314
0.861493
0.999538
0.970147
0.955316
0.949641
0.958479
0.999539
0.947698
0.935549
0.977865
0.918593
0.995147
0.890756
0.991532
0.99742
0.839371
0.997698
0.994271
0.996386
0.938095
0.963817
0.999879
0.981878
0.998795
0.999538
0.999527
0.986271
0.999537
0.999539
0.985005
0.984886
0.999539
0.997033
0.877412
0.999539
0.997287
0.977124
0.91829
0.883409
0.951612
0.993606
0.99735
0.909892
0.767189
0.913688
0.996604
0.980303
0.971972
0.947446
0.934849
0.840321
0.758834
0.980318
0.999458
0.938206
0.923224
0.996369
0.949284
0.979805
0.951335
0.99901
0.966602
0.999539
0.907689
0.93139
0.967803
0.991889
0.990703
0.952938
0.926238
0.98071
0.996374
0.991092
0.941824
0.923776
0.932855
0.940407
0.999264
0.991032
0.651784
0.881892
0.933412
0.978757
0.949206
0.999539
1
0.934653
0.88666
0.927439
0.999539
0.999539
0.997991
0.943566
0.918413
0.901714
0.997377
0.889889
0.940502
0.908712
0.980295
0.975469
0.991581
0.989997
0.853511
0.999539
0.992981
0.999539
0.999537
0.903739
0.998168
0.999539
0.9977
0.883323
0.995086
0.816936
0.848238
0.996204
0.946289
0.980319
0.996706
0.996027
0.917202
0.968871
0.982626
0.898024
0.974577
0.981123
0.974771
0.974564
0.976573
0.975091
0.974781
0.974801
0.974943
0.982661
0.875497
0.992923
0.992923
0.993047
0.992921
0.999539
0.992921
0.992938
0.996157
0.975095
0.9158
0.998237
0.95323
0.99609
0.615294
0.999147
0.998545
0.999146
0.996452
0.908713
0.970223
0.996146
0.996385
0.995715
0.994173
0.947144
0.996326
0.945183
0.997755
0.999926
0.99687
0.997564
1
0.999539
0.94362
0.96569
0.91782
0.988844
0.943357
0.94038
0.798626
0.967748
0.96877
0.999539
0.996216
0.999539
0.996009
0.902414
0.996552
0.964426
0.973671
0.999539
0.980708
0.952103
0.897796
0.946374
0.969218
0.997722
0.996926
0.991295
0.997072
0.995299
0.997143
0.997044
0.999539
0.999539
0.926791
0.984988
0.920877
0.978484
0.978853
0.943478
0.997037
0.999827
0.997041
0.997084
0.954494
0.990514
0.984619
0.695284
0.999539
0.999539
0.999539
0.983732
0.997979
0.996921
0.949793
0.996513
0.942343
0.993257
0.990351
0.947193
0.950986
0.993336
0.680267
0.951574
0.998421
0.945528
0.876354
0.994867
0.947627
0.932699
0.997661
0.893194
0.952507
0.822398
0.999715
0.999162
0.997417
0.979594
0.897466
0.998147
0.981414
0.894946
0.998347
0.924666
0.999539
0.925439
0.99521
0.94903
0.858127
0.909516
0.99537
0.966074
0.967771
0.715158
0.997774
0.993453
0.919913
0.999627
0.887224
0.978485
0.996226
0.713107
0.981153
0.964585
0.991805
0.675599
0.999404
0.856111
0.99216
0.983784
0.918723
0.998235
0.698974
0.897644
0.992497
0.999539
0.683599
0.959249
0.901561
0.744512
0.988808
0.999539
0.801103
0.999388
0.904728
1
0.998264
0.981569
0.872874
0.982969
0.94452
0.876574
0.847007
0.997094
0.9928
0.999539
0.957189
0.999539
0.97815
0.977842
0.994945
0.999539
0.952047
0.939697
0.989486
0.997107
0.833
0.971801
0.99683
0.978617
0.999912
0.999539
0.914197
0.809358
0.992762
0.992385
0.884135
0.863244
0.911426
0.955439
0.997872
0.944428
0.999538
0.99838
0.925204
0.963611
0.997746
0.997667
0.987381
0.998967
0.932637
0.995947
0.997492
0.95014
0.952243
0.999539
0.979407
0.882241
0.844197
0.998428
0.970663
0.996182
0.993846
0.999539
0.999539
0.926876
0.952176
0.995379
0.974182
0.992633
0.998569
0.970421
0.999618
0.993246
0.993974
0.955647
0.997294
0.936592
0.996131
0.889102
0.687515
0.999538
0.981633
0.964143
0.754588
0.995996
0.963642
0.444244
0.840335
0.958592
0.993815
0.981322
0.966704
0.997525
0.995549
0.960781
0.667929
0.931322
0.999539
0.999539
0.968466
0.969601
0.993398
0.781922
0.999685
0.999539
0.955964
0.980488
0.97907
0.997564
0.942522
0.984371
0.950545
0.98858
0.99497
0.990524
0.999474
0.959851
0.993027
0.906373
0.999779
0.999145
0.992268
0.988003
0.744656
0.212783
0.999539
0.968442
0.999539
0.951423
0.967747
0.909173
0.992402
0.932841
0.980339
0.997916
0.99161
0.996527
0.901143
0.6834
0.96323
0.999124
0.947888
0.997539
0.975489
0.997068
0.96957
0.991487
0.987472
0.999538
0.999539
0.999402
0.932888
0.963878
0.999539
0.999539
0.932139
0.989291
0.948148
0.994724
0.99217
0.917516
0.998205
0.999539
0.977101
0.678281
0.965786
0.570264
0.998927
0.832403
0.992361
0.999613
0.997263
0.98476
0.999539
0.999539
0.979393
0.998195
0.99234
0.997886
0.69594
0.946646
0.957426
0.995577
0.989963
0.964745
0.888394
0.712173
0.91906
0.95453
0.191923
0.662644
0.178046
0.88665
0.992683
0.956113
0.999604
0.988611
0.999539
0.997963
0.992268
0.997347
0.999539
0.997853
0.803134
0.98677
0.999539
0.93321
0.999539
0.999539
0.998338
0.997444
0.610059
0.996268
0.997523
0.99685
0.997674
0.993008
0.462618
0.904405
0.964355
0.998349
0.970519
0.558229
0.997901
0.886549
0.995297
0.999526
0.896805
0.996106
0.921576
0.992789
0.990532
0.826828
0.891454
0.853195
0.999539
0.922802
0.790875
0.756667
0.773132
0.999539
0.675622
0.994891
0.931003
0.730658
0.999527
0.973292
0.954698
0.996341
0.999575
0.999624
0.995472
0.502644
0.957481
0.959805
0.998587
0.999539
0.994903
0.999772
0.838413
0.875771
0.997277
0.980388
0.99082
0.985971
0.940821
0.938807
0.952247
0.97927
0.720183
0.953967
0.971743
0.998142
0.987593
0.997537
0.99186
0.998948
0.966829
0.996595
0.23341
0.788718
0.992072
0.841505
0.881543
0.938499
0.968945
0.997737
0.99618
0.749993
0.911783
0.998732
0.998436
0.533034
0.99382
0.914209
0.996038
0.999539
0.900743
0.920599
0.998342
0.969776
0.813608
0.854882
0.791631
0.876102
0.993472
0.999539
0.999539
0.988043
0.988902
0.990988
0.997988
0.91126
0.999571
0.931745
0.992697
0.983252
0.99304
0.992682
0.995872
0.91198
0.914968
0.867504
0.99139
0.962874
0.998124
0.963207
0.999729
0.999018
0.999539
0.569392
0.968361
0.998229
0.999539
0.863228
0.99076
0.956363
0.952856
0.997402
0.983498
0.991467
0.964635
0.998659
0.86707
0.988558
0.962675
0.998508
1
0.907324
0.996493
0.999539
0.93497
0.997328
0.999539
0.998501
0.998531
0.99197
0.98244
0.998507
0.998481
0.998482
0.999539
0.980048
0.996362
0.9206
0.99653
0.999539
0.942145
0.903821
0.982333
0.997571
0.821411
0.999539
0.999539
0.959253
0.99149
0.972214
0.716229
0.74093
0.99216
0.999526
0.932306
0.999538
0.87089
0.906267
0.960768
0.887703
0.91736
0.998072
0.995845
0.984924
0.989325
0.975703
0.957458
0.995858
0.998875
0.968583
0.999365
0.879037
0.856898
0.999539
0.99676
0.999539
0.991204
0.996295
0.948962
0.995017
0.996743
0.98207
0.984699
0.995556
0.881239
0.999836
0.922587
0.993657
0.999486
0.780649
0.92147
0.996297
0.999379
0.993755
0.999539
0.966067
0.71132
0.999539
0.938916
0.995443
0.970733
0.795124
0.996843
0.996882
0.987726
0.999539
0.999539
0.827186
0.98754
0.945171
0.859276
0.996362
0.950422
0.997363
0.982042
0.961264
0.880544
0.99622
0.996225
0.999539
0.609622
0.992869
0.997277
0.993068
0.961728
0.979893
0.999139
0.982385
0.84327
0.954837
1
0.833481
0.99823
0.960387
0.993554
0.988658
0.995965
0.953228
0.980996
0.827649
0.928914
0.754026
0.865098
0.675666
0.999539
0.997269
0.996298
0.838156
0.992828
0.995637
0.92144
0.995254
0.997773
0.82443
0.837675
0.996335
0.999539
0.941482
0.996424
0.994594
0.999201
0.999916
0.98783
0.89117
0.920594
0.995902
0.998534
0.809058
0.996331
0.9748
0.996335
0.996331
0.92628
0.963495
0.968389
0.996182
0.997782
0.911157
0.703816
0.773615
0.970022
0.999539
0.992144
0.95329
0.896869
0.94833
0.853031
0.894071
0.999539
0.722867
0.742279
0.964435
0.679382
0.993714
0.999537
0.990878
0.888908
0.994022
0.934097
0.968617
0.999539
0.995316
0.898957
0.927874
0.94695
0.96424
0.98565
0.931878
0.992587
0.972556
0.563629
0.867888
0.999539
0.694896
0.934577
0.99795
0.960971
0.941864
0.998147
0.999993
0.550804
0.963409
0.999539
0.69261
0.633824
0.929541
0.924969
0.959167
0.871049
0.944349
0.961378
0.942204
0.979916
0.991846
0.9993
0.988783
0.999539
0.962965
0.997012
0.999937
0.982222
0.999549
0.999539
0.9935
0.970805
0.976768
0.984078
0.899157
0.997776
0.994902
0.998109
0.966385
0.999539
0.968782
0.939628
0.999539
0.958792
0.995413
0.99503
0.95388
0.987802
0.999539
0.920578
0.929288
0.995057
0.99783
0.998267
0.999137
0.82515
0.916697
0.999539
0.967201
0.969813
0.999527
0.91716
0.964203
0.966078
0.969365
0.890923
0.996144
0.915832
0.999219
0.965679
0.996602
0.960866
0.923087
0.992257
0.996172
0.974437
0.968037
0.906881
0.990211
0.911918
0.999539
0.988298
0.996365
0.988174
0.985006
0.995645
0.993414
0.895503
0.89936
0.919567
0.999539
0.999756
0.925295
0.996175
1
0.992402
0.992159
0.74885
0.999818
0.949356
0.999538
1
0.938877
0.995953
0.96825
0.773279
0.984327
0.75199
0.892362
0.999227
0.853241
0.323866
0.999539
0.89764
0.932107
0.998384
0.997189
0.209505
0.96427
0.999539
0.964634
0.998876
0.997897
0.996392
0.88086
0.998283
0.999539
0.998876
0.998875
0.998159
0.998881
0.999539
0.998365
0.999537
0.999581
0.775186
0.996182
0.914242
0.922202
0.938146
0.90491
0.999051
0.998237
0.979669
0.949327
0.996863
0.999539
0.976768
0.722315
0.856504
0.993142
0.996185
0.955268
0.995813
0.997549
0.972906
0.996226
0.99087
0.997022
0.974913
0.973817
0.919517
0.98211
0.966632
0.912848
0.996142
0.9585
0.999539
0.999539
0.924947
0.999725
0.999744
0.99967
0.995132
0.997919
0.996296
0.999527
0.956632
0.980643
0.958481
0.993422
0.999539
0.952074
0.999539
0.704764
0.998081
0.998679
0.962301
0.784716
0.973731
0.918704
0.973877
0.99698
0.670251
0.970015
0.992701
0.999583
0.906004
0.998485
0.996522
0.938105
0.872131
0.91884
0.998916
0.333397
0.814805
0.984911
0.978741
0.98945
0.975423
0.998978
0.999638
0.999539
0.638761
0.999539
0.968357
0.999538
0.937791
0.852541
0.974009
0.995771
0.992529
0.995698
0.993025
0.944682
0.991641
0.999539
0.998945
0.999539
0.998341
0.999789
0.95916
0.999234
0.902327
0.996151
0.999996
0.974156
0.995152
0.968363
1
0.984346
0.999539
0.839949
0.931476
0.972546
0.972116
0.983628
0.999539
0.999539
0.734248
0.997907
0.770608
0.933169
0.982425
0.841807
0.996031
0.901306
0.966347
0.996488
0.999527
0.996184
0.999539
0.998884
0.852345
0.999539
0.983537
0.997769
0.988548
0.898336
0.934701
0.965871
0.759503
0.899419
0.999539
0.890885
0.585823
0.92608
0.999539
0.713087
0.660033
0.999539
0.989461
0.765335
0.977606
0.999539
0.859815
0.991815
0.996761
0.961468
0.780277
0.993209
0.999929
0.875423
0.976506
0.999539
1
0.997842
0.571077
0.936426
0.987006
0.999298
0.969583
1
0.999539
0.999539
0.897255
0.99676
0.852269
0.866462
0.987709
0.809124
0.976101
0.991715
0.925028
0.9813
0.968813
0.947882
0.867315
0.995257
0.914091
0.729988
0.953
0.947132
0.996092
0.950212
0.993698
0.999539
0.958006
0.994296
0.759853
0.962918
0.943341
0.999389
0.999797
0.977118
0.999538
0.582605
0.999539
0.899984
0.987857
0.938529
0.75681
0.999539
0.964337
0.997872
0.995215
0.9896
0.988245
0.994497
0.999539
0.612395
0.52396
0.849043
0.92441
0.810463
0.783116
0.985691
0.905723
0.984607
0.932287
0.765515
0.988848
0.7819
0.964721
0.999155
1
0.937493
0.985691
0.772103
0.997528
0.985691
0.999527
0.954654
0.956171
0.996736
0.991858
0.996565
0.998592
0.999539
0.997022
0.996424
0.980691
0.398221
0.993464
0.962701
0.350471
0.949496
1
0.995599
0.999539
0.675739
0.787384
0.998276
0.999507
0.999539
0.998824
0.999526
0.99862
0.92579
0.999539
1
0.990995
0.999366
0.723584
0.999539
1
0.960064
0.999493
0.966408
0.672549
0.973286
0.954493
0.964411
0.997626
1
0.990018
0.954275
0.995143
0.999894
0.992073
0.992173
0.831928
0.98447
0.999539
0.901938
0.995827
0.803914
0.932724
0.99951
0.98315
0.823965
0.994592
0.719007
0.855274
0.950646
0.997405
0.990912
0.993363
0.12047
0.995853
0.617671
0.99497
0.9499
0.906077
0.94047
0.995431
0.999103
0.964695
0.98844
0.648677
0.999246
0.900895
0.984148
0.96455
1
0.935588
0.998837
0.996192
0.988682
0.995642
0.676014
0.187507
0.999112
0.951073
0.999897
0.976438
0.894206
0.781017
0.999659
0.999711
0.829964
0.999539
0.999539
0.999539
0.999539
0.976927
0.9661
0.994933
0.999539
0.987346
0.997932
0.963178
0.899128
0.982006
0.988261
0.976432
0.824131
0.997167
0.957635
1
0.901786
0.860164
0.999539
0.954749
0.935231
0.976932
0.998938
0.994642
1
0.882704
0.996263
0.994852
0.999539
0.971622
0.981417
0.951959
0.855721
0.999219
0.997896
0.789398
0.997994
0.997934
0.995708
0.999539
0.914861
0.997862
0.999539
0.999539
0.9945
0.886634
0.999539
0.996315
0.996405
0.997896
0.925423
0.933501
0.996383
0.963687
0.908097
0.964326
0.991048
0.647223
0.997442
0.999635
0.991477
0.943336
0.999923
0.995373
0.999539
0.923893
0.75952
0.803142
0.996198
0.894547
0.999998
0.999539
0.992397
0.972154
0.999539
0.996128
0.999539
0.994003
0.972727
0.999744
0.993794
0.974599
0.999539
0.970127
0.825966
0.996755
0.932542
0.864365
0.994693
0.275008
0.933729
0.98742
0.99946
0.884025
0.996467
0.986723
0.973759
0.990697
0.931182
0.343764
0.997767
0.964294
0.759779
0.915253
0.94176
0.894719
0.737267
0.937703
0.825868
0.986055
0.902549
0.824438
0.794651
0.996944
0.996989
0.958712
0.998632
0.994578
0.993197
0.997162
0.999539
0.999539
0.997069
0.999799
0.979263
0.997004
0.998212
0.976703
0.974801
0.997194
0.990973
0.998198
0.861775
0.939991
0.836715
0.994676
0.851535
0.991922
0.991922
0.871062
0.999539
0.998169
0.908407
0.999539
0.952796
0.952663
0.995681
0.844245
0.97913
0.926423
0.996868
0.992177
0.996044
0.713854
0.913949
0.997765
0.991764
0.979217
0.900258
0.937919
0.964024
0.818731
0.999995
0.857669
0.996611
0.995403
0.956181
0.953427
0.996626
0.99691
0.997644
0.954945
0.963202
0.663349
0.964672
0.999838
0.998091
0.869527
0.898233
0.942288
0.935949
0.876683
0.994973
0.891882
0.997682
0.95603
0.202487
0.996429
0.943639
0.620028
0.995296
0.954361
0.96865
0.95598
0.964705
0.986647
0.997149
0.997481
0.67544
0.999214
0.976842
0.893574
0.996499
0.917692
0.995005
0.998641
0.992847
0.711776
0.997513
0.997644
0.999539
0.944754
0.999539
0.864055
0.979952
0.974763
0.989809
0.999539
0.993585
0.996879
0.675716
0.918113
0.994986
0.974111
0.994986
0.617065
0.998667
0.998641
0.995938
0.938198
